1000
0 0.986148 -0.000164 -1.000000 -0.627003 -1.221575
1 -0.000187 3.142781 -1.000000 -0.997172 0.905497
2 -0.000583 3.332527 -1.000000 -2.999065 1.508895
3 3.096110 4.000024 -1.000000 0.224374 0.643053
4 1.305320 4.000214 -1.000000 -0.688022 1.121709
5 -0.000018 2.273647 -1.000000 -0.854591 -0.742697
6 1.405773 -0.000230 -1.000000 0.142779 -0.764405
7 4.000319 2.496718 -1.000000 2.196409 0.026587
8 4.000030 1.840086 -1.000000 1.532397 -0.823733
9 0.230577 -0.000038 -1.000000 -0.187736 -1.130028
10 1.561785 -0.000594 -1.000000 0.534839 -2.166923
11 1.887360 -0.000069 -1.000000 0.585092 -0.709095
12 2.108197 -0.000045 -1.000000 0.677336 -0.201970
13 3.766865 4.000001 -1.000000 0.004419 1.469807
14 -0.000039 3.192302 -1.000000 -0.676205 0.574303
15 1.286509 4.000444 -1.000000 -0.606588 1.650700
16 0.988641 -0.000611 -1.000000 -0.930383 -2.329630
17 2.120801 -0.000955 -1.000000 0.246682 -2.053744
18 -0.000624 3.359768 -1.000000 -1.810531 1.542287
19 4.000136 2.347176 -1.000000 0.777746 1.132524
20 2.858430 4.000259 -1.000000 -0.405004 0.685525
21 4.000032 0.565492 -1.000000 0.820722 -1.011077
22 -0.000113 0.377425 -1.000000 -0.439606 0.280682
23 4.000312 1.813712 -1.000000 1.169540 -0.312336
24 1.040677 -0.000888 -1.000000 -0.953156 -2.446625
25 4.000215 0.097717 -1.000000 0.620949 -1.357173
26 1.646543 4.000086 -1.000000 -0.855213 0.629041
27 -0.000790 0.209582 -1.000000 -1.821094 -0.918058
28 4.000924 2.944386 -1.000000 2.293922 0.540902
29 4.000133 1.151264 -1.000000 0.863745 -0.484102
30 1.230510 4.000104 -1.000000 -0.983187 0.473469
31 4.000748 2.637112 -1.000000 2.296801 0.430542
32 0.257733 4.000067 -1.000000 -0.442775 1.083939
33 0.195697 1.525287 0.010000 -0.809187 -0.202824
34 4.000270 3.113752 -1.000000 2.975107 1.451696
35 1.482882 -0.000356 -1.000000 -0.519975 -1.644993
36 0.136101 -0.000413 -1.000000 0.226986 -1.054844
37 2.973669 -0.000476 -1.000000 0.854112 -1.375932
38 4.000493 1.432843 -1.000000 1.953688 -0.602418
39 4.000198 2.497936 -1.000000 0.483217 0.318019
40 1.888776 4.000041 -1.000000 -0.018504 0.973271
41 4.000112 0.537396 -1.000000 0.534037 -0.932860
42 -0.000444 0.566153 -1.000000 -2.185614 -1.099494
43 1.770169 4.000350 -1.000000 1.222323 0.864730
44 4.000115 1.333530 -1.000000 0.977158 0.759713
45 1.191449 4.000317 -1.000000 -1.494398 1.179486
46 0.454872 -0.000137 -1.000000 -1.083254 -0.613378
47 -0.000272 2.691466 -1.000000 -1.212585 0.715394
48 -0.000695 0.579310 -1.000000 -1.663642 -0.062398
49 -0.000012 0.178038 -1.000000 -0.367335 -0.772223
50 -0.000497 0.588423 -1.000000 -1.410606 -0.719622
51 2.845253 -0.000183 -1.000000 0.420021 -0.507961
52 4.000191 2.542591 -1.000000 0.496258 0.890251
53 4.000443 3.206663 -1.000000 1.075533 0.905178
54 0.800151 -0.000034 -1.000000 0.301674 -2.642937
55 -0.000122 2.346788 -1.000000 -1.462465 0.875172
56 -0.000017 0.933236 -1.000000 -0.882600 -0.039289
57 4.000130 0.673152 -1.000000 0.907169 -1.137381
58 4.000071 3.386913 -1.000000 0.552909 0.787297
59 -0.000066 3.026607 -1.000000 -0.919461 0.803076
60 1.951855 -0.000089 -1.000000 1.053731 -1.905386
61 4.000386 0.512687 -1.000000 0.950555 -1.020851
62 3.349940 4.000678 -1.000000 0.418746 1.926642
63 4.000301 1.324151 -1.000000 1.213872 -0.602206
64 3.648225 -0.000226 -1.000000 0.702856 -1.682424
65 4.000074 2.654322 -1.000000 0.523428 0.240558
66 1.589207 4.000083 -1.000000 -0.142090 0.551181
67 4.000339 0.954895 -1.000000 0.825971 0.646256
68 4.000564 3.145761 -1.000000 1.245601 0.464180
69 1.095993 4.000191 -1.000000 -0.393862 2.055436
70 2.779035 -0.000013 -1.000000 0.177747 -0.328839
71 3.477894 -0.000236 -1.000000 -0.202467 -0.542701
72 4.000051 3.143639 -1.000000 0.836252 1.536705
73 -0.000322 3.018970 -1.000000 -0.803236 0.862388
74 2.638117 1.104635 0.010000 -0.219397 -0.399842
75 3.060593 -0.000179 -1.000000 1.473222 -0.673605
76 0.669566 -0.000311 -1.000000 -0.728208 -0.895995
77 3.591198 4.000359 -1.000000 0.906546 1.241954
78 2.771252 4.000006 -1.000000 0.456036 0.684364
79 2.721873 -0.000685 -1.000000 1.084978 -2.766130
80 4.000020 1.481451 -1.000000 1.021969 -0.732365
81 0.923533 -0.000378 -1.000000 -0.057217 -1.486120
82 -0.000384 0.852523 -1.000000 -1.576356 -0.460746
83 2.859288 -0.000294 -1.000000 0.284793 -0.786135
84 3.607822 4.000115 -1.000000 -0.467431 0.556139
85 1.463261 -0.000199 -1.000000 -0.575489 -1.888693
86 2.760903 4.000006 -1.000000 0.401280 0.583624
87 1.005749 4.000524 -1.000000 -0.360030 1.321454
88 0.895218 4.000007 -1.000000 -0.362851 1.120139
89 4.000359 1.512048 -1.000000 1.177733 -0.394631
90 -0.000283 2.817346 -1.000000 -0.859321 0.838654
91 -0.000448 3.099691 -1.000000 -0.984749 0.800237
92 4.000959 1.807260 -1.000000 2.081794 -0.422434
93 0.250280 4.000253 -1.000000 -0.485693 1.212957
94 -0.000431 0.000769 -1.000000 -2.077519 -0.980554
95 4.000356 2.269008 -1.000000 0.850080 0.999704
96 0.804358 -0.000646 -1.000000 -1.914789 -1.549844
97 2.171422 4.000204 -1.000000 0.632945 1.985189
98 1.469746 -0.000934 -1.000000 -0.288634 -2.113206
99 2.193891 -0.000061 -1.000000 -0.820032 -2.986453
100 4.000107 1.524213 -1.000000 1.549731 0.347361
101 1.645412 -0.000351 -1.000000 -0.266026 -2.304617
102 -0.000397 3.428034 -1.000000 -1.086363 1.208560
103 1.863685 4.000003 -1.000000 0.416512 0.473205
104 3.204927 3.968276 0.010000 0.244427 0.544900
105 2.554888 -0.000341 -1.000000 -0.011624 -1.427966
106 -0.000285 3.433896 -1.000000 -0.933022 1.123179
107 -0.000286 1.018375 -1.000000 -0.879684 -0.286480
108 -0.001018 3.328184 -1.000000 -2.155468 0.703007
109 2.121309 -0.000001 -1.000000 0.200807 -2.071777
110 2.727194 4.000607 -1.000000 0.706240 1.421968
111 3.217731 4.000056 -1.000000 0.245108 0.768302
112 0.010730 -0.000556 -1.000000 -0.313008 -1.615898
113 1.763074 4.000056 -1.000000 0.108490 1.125232
114 -0.000225 1.761081 -1.000000 -1.109764 -0.236782
115 -0.000010 2.094237 -1.000000 -0.741291 0.930013
116 2.065362 -0.000740 -1.000000 0.241777 -2.013154
117 3.330498 4.000645 -1.000000 0.192391 1.811215
118 1.423751 4.000257 -1.000000 -1.067340 0.653218
119 3.171706 4.000621 -1.000000 0.107257 1.863981
120 1.832835 4.000575 -1.000000 0.489986 1.210777
121 4.000357 1.844809 -1.000000 1.270564 -0.373062
122 -0.000067 1.086390 -1.000000 -0.690803 -1.292550
123 1.685031 4.000149 -1.000000 -1.305299 3.147250
124 0.567255 -0.000516 -1.000000 -1.357959 -1.393377
125 3.551444 4.000049 -1.000000 2.322173 2.434933
126 3.303455 4.000207 -1.000000 -0.545227 0.799826
127 4.000443 0.542684 -1.000000 1.734336 -0.192574
128 0.757661 4.000028 -1.000000 -0.479294 0.929216
129 -0.000093 3.460188 -1.000000 -1.370106 0.408178
130 0.816584 -0.000300 -1.000000 -1.180075 -2.155908
131 -0.000101 3.773308 -1.000000 -0.917821 -0.114914
132 2.633051 4.000169 -1.000000 0.581786 1.412376
133 2.958650 4.000336 -1.000000 0.571090 0.771859
134 4.000017 1.509476 -1.000000 1.324599 0.442660
135 3.518367 4.000462 -1.000000 0.431442 1.496060
136 3.676288 4.000043 -1.000000 1.116059 1.239150
137 4.000509 1.717299 -1.000000 1.251957 -0.364972
138 -0.000173 0.415534 -1.000000 -0.718593 -1.362860
139 1.935151 4.000568 -1.000000 -0.592654 1.732854
140 3.080745 4.000079 -1.000000 0.023326 0.637847
141 4.000424 2.758838 -1.000000 1.687754 -0.067432
142 1.502432 -0.000354 -1.000000 0.865232 -1.227173
143 2.942035 4.000336 -1.000000 0.227838 1.466814
144 4.000261 2.838552 -1.000000 1.773233 0.038346
145 4.000132 1.083236 -1.000000 2.011770 0.110235
146 4.000182 1.153927 -1.000000 1.807844 0.279397
147 3.047125 -0.000157 -1.000000 -0.186835 -1.258949
148 1.127377 4.000100 -1.000000 -0.303243 1.152313
149 2.451840 3.767649 0.010000 -0.160172 0.597028
150 1.689157 4.001525 -1.000000 -1.479020 3.775391
151 1.196205 -0.001125 -1.000000 0.064501 -2.486189
152 4.000251 1.811377 -1.000000 1.097326 -0.374077
153 1.365013 -0.000434 -1.000000 0.501375 -2.374934
154 1.188963 -0.000498 -1.000000 -0.817024 -2.130925
155 1.318446 -0.000809 -1.000000 0.299267 -1.702271
156 2.904156 4.000065 -1.000000 -0.235099 0.731951
157 0.185826 4.000388 -1.000000 -0.564439 1.159916
158 1.016129 4.000369 -1.000000 -0.661953 1.857231
159 0.255023 -0.000346 -1.000000 -1.066296 -0.765383
160 1.854519 4.000332 -1.000000 -0.348387 1.086660
161 -0.000016 2.162097 -1.000000 -1.406019 -0.479773
162 0.375595 -0.000575 -1.000000 -1.436539 -1.578589
163 0.303509 -0.000013 -1.000000 -1.094311 -1.017933
164 4.000473 3.079991 -1.000000 2.336284 0.792803
165 3.781735 4.000086 -1.000000 -0.221366 1.145521
166 0.645099 -0.000561 -1.000000 0.457007 -1.843595
167 -0.000272 3.755440 -1.000000 -0.618011 1.659970
168 -0.000285 2.058154 -1.000000 -1.672578 1.085753
169 0.294355 -0.000253 -1.000000 -0.938291 -0.822678
170 4.000322 0.547782 -1.000000 1.152825 -0.071696
171 0.204217 -0.000322 -1.000000 -1.954456 -1.880018
172 3.652487 -0.000355 -1.000000 0.525910 -1.654961
173 0.476837 -0.000020 -1.000000 -0.205547 -1.539442
174 2.378029 4.000009 -1.000000 0.319635 0.772504
175 4.000020 2.147161 -1.000000 2.376601 -0.596086
176 4.000032 3.570365 -1.000000 0.740251 -0.168749
177 4.000415 0.964577 -1.000000 0.848627 -0.858226
178 2.997700 4.000396 -1.000000 0.223108 2.284393
179 -0.000220 1.089170 -1.000000 -2.017001 -0.699243
180 1.572838 4.000313 -1.000000 -0.058676 1.142642
181 4.000295 0.275179 -1.000000 0.617510 -0.931563
182 1.472348 4.000226 -1.000000 -0.070922 0.506245
183 1.027727 -0.000848 -1.000000 0.268575 -1.921852
184 3.042171 -0.000195 -1.000000 0.253904 -1.769482
185 0.813220 -0.000498 -1.000000 -1.207222 -1.366487
186 -0.000302 2.816458 -1.000000 -1.021058 0.551675
187 2.774020 4.000285 -1.000000 0.356100 0.716136
188 4.000270 0.542360 -1.000000 0.815675 -1.100897
189 3.063701 -0.000230 -1.000000 -0.123748 -0.835541
190 3.497954 4.000196 -1.000000 0.665186 1.490990
191 0.960001 4.000139 -1.000000 0.166538 1.684557
192 2.746192 4.000194 -1.000000 0.220988 2.984729
193 -0.000364 3.328593 -1.000000 -0.789873 0.294109
194 2.741801 4.000230 -1.000000 0.385598 0.630559
195 -0.000009 2.824406 -1.000000 -0.969993 1.338831
196 4.000296 1.312154 -1.000000 1.754513 0.434785
197 -0.000469 2.828778 -1.000000 -1.269426 0.438338
198 1.365987 -0.001665 -1.000000 -0.911206 -3.653687
199 3.282608 4.000030 -1.000000 0.277203 1.938596
200 -0.000803 0.626640 -1.000000 -1.924920 -0.389513
201 2.633903 -0.000474 -1.000000 0.706878 -1.748932
202 4.000353 2.605642 -1.000000 0.765317 1.123556
203 4.000150 3.486049 -1.000000 1.428645 0.314352
204 3.422329 -0.000574 -1.000000 0.807516 -2.289896
205 -0.000042 3.969992 -1.000000 -1.245196 1.769508
206 1.679422 4.000123 -1.000000 -1.008944 0.833167
207 0.559854 -0.000695 -1.000000 0.887630 -1.461565
208 1.228139 -0.001156 -1.000000 -1.175134 -2.986094
209 3.589164 4.000253 -1.000000 0.461481 1.835942
210 0.055037 -0.000654 -1.000000 -0.502345 -1.389426
211 1.709462 -0.000275 -1.000000 0.641174 -1.609030
212 0.856007 4.001462 -1.000000 -2.638894 3.148681
213 -0.000129 3.537904 -1.000000 -0.951848 0.348913
214 2.121920 -0.000683 -1.000000 0.037934 -1.728999
215 3.024558 -0.000129 -1.000000 -0.189457 -0.869265
216 4.000403 0.360152 -1.000000 1.671376 -0.272878
217 -0.000068 0.045011 -1.000000 -1.600393 -1.261998
218 4.000173 1.327178 -1.000000 0.973443 0.658215
219 -0.000439 0.806941 -1.000000 -1.841227 -0.298056
220 -0.000038 1.505621 -1.000000 -0.824197 0.864489
221 -0.000400 3.252239 -1.000000 -2.632457 0.862022
222 4.000292 1.102545 -1.000000 0.842840 -0.780508
223 1.646575 -0.000596 -1.000000 -0.457827 -1.551937
224 -0.000301 0.412932 -1.000000 -1.524430 -0.720685
225 3.054780 4.000059 -1.000000 -0.685181 0.413073
226 2.253041 -0.000607 -1.000000 -0.580160 -2.101310
227 -0.000394 2.896295 -1.000000 -0.807738 0.891070
228 2.352100 4.000325 -1.000000 -0.497545 2.441773
229 0.500436 4.000188 -1.000000 -1.373468 1.277339
230 0.702616 4.000568 -1.000000 -0.436330 1.168169
231 2.367672 -0.000286 -1.000000 -0.568931 -2.118904
232 4.000871 2.383248 -1.000000 1.890096 0.089879
233 4.000336 0.913773 -1.000000 1.477015 -0.795527
234 -0.000506 3.842387 -1.000000 -2.583230 1.691657
235 1.186739 4.000844 -1.000000 -1.043417 2.033425
236 0.702316 -0.000214 -1.000000 -1.286989 -2.036027
237 -0.000183 2.434770 -1.000000 -0.980347 0.006846
238 2.865840 -0.000690 -1.000000 0.285854 -2.123343
239 3.185406 -0.000079 -1.000000 0.319896 -1.911463
240 2.978693 4.000266 -1.000000 0.803703 0.757549
241 4.000568 1.989692 -1.000000 1.914485 -0.535269
242 3.362183 4.000731 -1.000000 0.752415 1.583132
243 1.193743 4.000478 -1.000000 -0.771613 2.306411
244 -0.000138 3.157947 -1.000000 -0.728489 -0.407705
245 2.775702 4.000336 -1.000000 0.460617 0.688761
246 4.000395 1.835802 -1.000000 1.863391 -0.891802
247 1.358311 4.000169 -1.000000 0.530584 0.847755
248 1.476488 -0.000359 -1.000000 0.387663 -1.942957
249 4.000671 0.139466 -1.000000 2.354428 -2.047236
250 1.439939 4.000754 -1.000000 -1.083966 1.563387
251 -0.000253 3.213661 -1.000000 -1.397735 0.379645
252 0.641970 -0.000074 -1.000000 0.370540 -1.559591
253 0.137662 4.000019 -1.000000 -0.823851 0.176749
254 3.033497 -0.000793 -1.000000 1.456564 -2.278349
255 4.000471 1.474709 -1.000000 1.001318 0.857266
256 4.000179 2.592272 -1.000000 0.511992 0.888448
257 3.163713 4.000174 -1.000000 0.194689 1.019384
258 1.712239 4.000347 -1.000000 -0.819377 0.890920
259 0.478231 -0.000177 -1.000000 -1.190239 -0.895966
260 4.000757 2.897952 -1.000000 1.664448 -0.028965
261 -0.000790 1.975574 -1.000000 -1.715408 1.412117
262 2.250463 -0.000769 -1.000000 -0.724708 -2.073736
263 4.000336 2.153729 -1.000000 0.965236 -0.008379
264 0.633664 -0.000057 -1.000000 0.761883 -0.741144
265 2.931126 4.000862 -1.000000 2.230551 1.836955
266 4.000288 0.888401 -1.000000 1.561599 -1.165715
267 3.584999 4.000656 -1.000000 1.456522 2.277648
268 4.000476 2.216770 -1.000000 1.814660 -0.214584
269 3.651852 -0.000747 -1.000000 0.868910 -1.737013
270 3.808384 -0.000152 -1.000000 1.000624 -1.809316
271 4.000100 2.949191 -1.000000 1.392977 -0.225864
272 -0.000354 0.095886 -1.000000 -0.817196 -0.060824
273 3.281087 4.000484 -1.000000 -0.291866 1.213957
274 3.050573 -0.000865 -1.000000 0.899615 -1.764336
275 4.000337 0.664689 -1.000000 0.897926 -1.058191
276 3.616381 -0.000769 -1.000000 0.677948 -1.669182
277 1.817371 4.001431 -1.000000 -0.358933 2.931134
278 1.469912 4.000208 -1.000000 -0.207843 0.604975
279 2.084820 4.000885 -1.000000 0.582074 2.123958
280 3.670410 3.966733 0.010000 0.530840 0.062534
281 -0.000450 2.816976 -1.000000 -1.167121 0.818916
282 -0.000268 3.099653 -1.000000 -1.136052 0.682191
283 4.000487 0.872980 -1.000000 1.355615 0.107619
284 2.454662 4.000053 -1.000000 -0.032045 1.259955
285 4.000895 1.973444 -1.000000 2.014293 -0.475173
286 4.000072 1.460073 -1.000000 1.972640 -0.809879
287 2.352333 4.000217 -1.000000 -0.793370 0.631874
288 4.000029 2.166717 -1.000000 2.454189 -0.590038
289 0.711627 2.572186 0.010000 -0.104928 -0.191995
290 1.168254 -0.000237 -1.000000 -1.580877 -1.654481
291 -0.000199 2.105301 -1.000000 -0.805974 0.376308
292 1.504048 -0.000072 -1.000000 -0.124286 -2.242389
293 2.746204 4.000364 -1.000000 0.223128 3.018491
294 -0.000380 0.776237 -1.000000 -1.024992 -0.335101
295 4.000631 1.309870 -1.000000 1.489516 0.230939
296 2.039116 -0.000574 -1.000000 0.388657 -2.256789
297 -0.000192 2.595776 -1.000000 -1.240280 0.051951
298 0.817625 -0.000670 -1.000000 -1.463840 -1.750968
299 -0.000161 3.408104 -1.000000 -0.712765 -0.238192
300 3.118870 -0.000592 -1.000000 0.323192 -2.467130
301 1.550215 -0.000111 -1.000000 0.154773 -1.919025
302 -0.000102 3.466701 -1.000000 -0.689665 -0.301877
303 4.000133 1.084053 -1.000000 0.485619 -0.906975
304 3.281767 4.000296 -1.000000 0.272508 2.106846
305 0.710191 -0.001113 -1.000000 -1.263666 -2.534745
306 4.000123 2.595312 -1.000000 0.757639 0.157657
307 -0.000721 1.041842 -1.000000 -2.293596 -0.503402
308 0.357873 2.110167 0.010000 -0.712329 -0.058968
309 4.000016 3.696366 -1.000000 1.724991 0.559135
310 0.525569 -0.000190 -1.000000 -1.131707 -1.267990
311 4.000313 2.150579 -1.000000 1.705678 0.296645
312 1.506160 4.000882 -1.000000 0.358657 2.550529
313 -0.000390 1.834626 -1.000000 -1.516214 0.501337
314 0.635167 4.001258 -1.000000 -0.425576 2.934962
315 0.371325 -0.000254 -1.000000 -1.075287 -0.638476
316 4.000222 3.114714 -1.000000 3.229684 0.016808
317 1.438091 -0.000701 -1.000000 0.379939 -1.502538
318 3.265291 4.000440 -1.000000 0.203202 1.499898
319 1.729851 4.000030 -1.000000 -0.738272 0.991885
320 2.194201 -0.000575 -1.000000 0.804051 -2.306739
321 3.285367 4.000218 -1.000000 0.166203 1.736271
322 2.338203 -0.000125 -1.000000 -0.403160 -3.154493
323 4.000611 0.886795 -1.000000 1.224540 -1.349269
324 0.451947 -0.000270 -1.000000 0.209699 -1.603074
325 1.850778 -0.001326 -1.000000 0.063969 -2.687937
326 0.706308 -0.000330 -1.000000 -1.090334 -1.581585
327 1.472025 -0.001466 -1.000000 -0.688564 -4.494780
328 4.000015 0.963598 -1.000000 1.008992 0.562154
329 -0.000147 2.643353 -1.000000 -0.293902 -0.735969
330 1.138069 4.000144 -1.000000 -1.119953 1.734837
331 -0.000421 2.990148 -1.000000 -1.010343 1.583238
332 3.771113 -0.000447 -1.000000 0.070827 -0.967882
333 1.393166 3.017061 0.010000 -0.495633 0.223516
334 1.681150 4.000208 -1.000000 -0.999046 0.833614
335 4.000484 1.391445 -1.000000 1.098856 0.725125
336 -0.000351 3.097269 -1.000000 -0.957326 0.695395
337 4.000050 1.051890 -1.000000 1.353202 -1.184810
338 2.854481 4.000097 -1.000000 -0.317561 1.087969
339 4.000183 1.380351 -1.000000 1.061861 -0.601783
340 -0.000701 0.220209 -1.000000 -2.120025 -1.915603
341 -0.000358 1.123275 -1.000000 -0.908637 0.150504
342 3.371097 4.000413 -1.000000 1.675032 1.280908
343 0.045316 -0.000047 -1.000000 -0.804721 -0.561888
344 -0.000079 2.998360 -1.000000 -1.209091 0.783345
345 4.000300 3.774427 -1.000000 2.376826 0.400637
346 3.086443 4.000099 -1.000000 0.520560 1.550666
347 -0.000683 0.583824 -1.000000 -1.375308 0.184251
348 4.000122 2.932827 -1.000000 2.098198 0.462067
349 0.209855 4.000011 -1.000000 -0.788957 0.444671
350 1.178978 -0.000043 -1.000000 0.026323 -1.415109
351 -0.000004 0.979516 -1.000000 -0.445560 -0.299586
352 -0.000362 0.171786 -1.000000 -1.050276 -0.042548
353 4.000084 0.256296 -1.000000 0.546479 -1.124333
354 0.696554 4.000785 -1.000000 -2.153340 1.733548
355 0.639950 -0.000256 -1.000000 -0.913547 -0.952733
356 4.000604 2.148248 -1.000000 2.281273 0.043506
357 -0.000103 2.611352 -1.000000 -1.097831 0.225745
358 -0.000419 1.206878 -1.000000 -0.871394 0.616669
359 -0.000169 3.284663 -1.000000 -0.987230 0.375294
360 -0.000373 0.436565 -1.000000 -1.123467 -0.578949
361 0.038862 4.000731 -1.000000 -1.743992 2.365196
362 -0.000129 2.495081 -1.000000 -1.390615 0.869708
363 -0.000035 3.443073 -1.000000 -1.217482 0.929576
364 4.000584 3.490311 -1.000000 2.492860 1.199355
365 0.647339 -0.000338 -1.000000 0.537583 -0.757595
366 4.000428 0.570871 -1.000000 1.203891 -1.516593
367 -0.000249 1.774994 -1.000000 -0.788072 0.729369
368 4.000019 2.996140 -1.000000 1.442878 -0.265365
369 4.000709 2.946276 -1.000000 2.025881 0.684919
370 3.176499 -0.000310 -1.000000 1.313151 -0.668654
371 -0.000135 2.822590 -1.000000 -1.225788 0.952535
372 3.130219 4.000525 -1.000000 0.350647 1.278671
373 -0.000009 0.190483 -1.000000 -1.004226 -0.450997
374 1.181870 -0.000071 -1.000000 -0.806137 -1.496994
375 3.161395 -0.000775 -1.000000 0.263165 -1.808487
376 4.000036 2.686755 -1.000000 0.334756 1.148302
377 0.929507 -0.000422 -1.000000 -0.980606 -1.343244
378 3.311992 -0.000072 -1.000000 0.575203 -0.813139
379 2.993782 -0.000292 -1.000000 1.662549 -1.059231
380 4.000031 2.098932 -1.000000 2.177569 0.627952
381 3.760430 -0.000237 -1.000000 -0.051536 -0.751427
382 0.819628 4.000094 -1.000000 -1.119603 1.282236
383 4.000547 1.993919 -1.000000 1.489166 -0.397513
384 4.000658 1.431620 -1.000000 1.413841 -1.011300
385 4.000070 1.879130 -1.000000 1.203473 0.723617
386 1.686458 4.000942 -1.000000 -0.772674 1.921023
387 0.771694 4.000056 -1.000000 -0.405683 1.194930
388 0.231146 -0.000267 -1.000000 -0.869272 -1.255054
389 -0.000214 3.407389 -1.000000 -0.755667 -0.375705
390 4.000051 2.755382 -1.000000 1.747537 -0.095648
391 3.022252 -0.000215 -1.000000 2.141018 -1.227399
392 4.000499 2.353947 -1.000000 1.645060 -0.341742
393 2.571226 4.000003 -1.000000 0.475530 1.256034
394 1.069297 -0.000156 -1.000000 -0.183748 -1.484886
395 2.348971 -0.000241 -1.000000 -0.290299 -2.096201
396 3.188246 -0.000050 -1.000000 1.015949 -0.262946
397 4.000630 0.955028 -1.000000 1.259902 0.608956
398 -0.000031 0.423360 -1.000000 -0.526086 -0.179430
399 -0.000049 0.044737 -1.000000 -0.107829 -1.608572
400 -0.000784 0.416169 -1.000000 -2.023787 -0.604056
401 -0.000286 3.956657 -1.000000 -1.266375 0.858362
402 4.000104 2.539738 -1.000000 0.626052 1.191948
403 0.046098 -0.000171 -1.000000 -1.815669 -1.614675
404 4.000054 1.615229 -1.000000 0.904545 0.946228
405 -0.000016 0.222689 -1.000000 -0.762260 -0.097131
406 1.657082 -0.000464 -1.000000 -0.424376 -1.678552
407 4.000027 3.889978 -1.000000 0.152886 0.626010
408 2.733683 4.000115 -1.000000 0.088484 0.534146
409 1.182348 -0.000295 -1.000000 0.170141 -1.221433
410 -0.000136 0.622331 -1.000000 -1.743224 -0.669507
411 1.680208 -0.000059 -1.000000 -0.847075 -1.039163
412 0.636654 -0.000333 -1.000000 0.298641 -1.508967
413 -0.000176 0.401756 -1.000000 -1.498029 -0.952403
414 0.199195 4.000379 -1.000000 -1.555528 1.367470
415 -0.000171 2.155861 -1.000000 -1.459772 -0.406342
416 4.000268 1.149349 -1.000000 0.939863 -0.169514
417 3.038583 4.000133 -1.000000 -0.538863 0.281486
418 4.000124 2.583482 -1.000000 0.383623 -0.406204
419 -0.000188 2.852871 -1.000000 -1.051139 1.409657
420 0.273795 4.000125 -1.000000 -0.111145 1.344360
421 -0.000114 2.824514 -1.000000 -0.927114 1.344273
422 4.000348 2.704574 -1.000000 1.458557 0.670284
423 4.000164 3.069429 -1.000000 0.969545 0.864211
424 4.000019 1.524632 -1.000000 1.711334 0.466097
425 4.000172 2.733410 -1.000000 1.769195 -0.440341
426 4.000388 3.805785 -1.000000 2.855947 1.208203
427 -0.000687 2.092927 -1.000000 -4.051070 0.984736
428 1.180025 -0.000371 -1.000000 0.177342 -1.376949
429 4.000767 3.887631 -1.000000 1.788677 2.043466
430 4.000022 3.343729 -1.000000 0.511417 0.893072
431 -0.000124 0.200096 -1.000000 -1.898506 -1.402591
432 4.000272 2.212726 -1.000000 1.735514 -0.265638
433 3.690374 4.000391 -1.000000 0.458483 1.691319
434 1.350535 4.001202 -1.000000 -1.629598 2.412991
435 2.398499 4.000108 -1.000000 0.227479 1.841981
436 0.104388 -0.000359 -1.000000 0.245808 -0.892119
437 1.991760 -0.000605 -1.000000 -0.995581 -2.091058
438 -0.000134 1.895819 -1.000000 -2.212241 0.690789
439 4.000398 0.772228 -1.000000 0.950741 -0.917767
440 -0.000035 2.831451 -1.000000 -1.275289 1.153121
441 4.000725 1.402916 -1.000000 1.878513 0.494343
442 1.679262 -0.000091 -1.000000 0.611015 -1.527195
443 4.000081 2.501793 -1.000000 0.484829 0.477746
444 4.000569 0.380621 -1.000000 1.260057 -1.400730
445 0.200219 -0.000064 -1.000000 0.362719 -1.291986
446 2.333971 4.000506 -1.000000 -0.753046 2.425940
447 3.628487 -0.000351 -1.000000 0.747333 -1.794195
448 1.767159 4.000151 -1.000000 0.413575 1.228473
449 -0.000237 2.859622 -1.000000 -0.493185 0.688475
450 1.570553 4.000571 -1.000000 -0.627198 1.327479
451 1.676164 -0.000221 -1.000000 -1.281871 -2.057431
452 2.534079 4.000735 -1.000000 -0.019280 2.888784
453 4.000191 0.916882 -1.000000 1.335350 -1.244268
454 4.000248 1.521269 -1.000000 1.633991 0.730558
455 4.000034 3.736490 -1.000000 0.922929 1.782656
456 1.669526 -0.000371 -1.000000 0.579801 -1.490692
457 0.626027 -0.000613 -1.000000 0.765797 -1.418076
458 0.061724 4.000231 -1.000000 -0.982567 1.069758
459 0.275511 -0.000227 -1.000000 -0.913022 -0.791073
460 4.000401 2.455872 -1.000000 1.175793 1.148987
461 -0.000289 2.870242 -1.000000 -0.590213 1.045591
462 3.535152 4.000017 -1.000000 0.048533 0.654825
463 -0.000956 0.228699 -1.000000 -2.025598 -0.792450
464 4.000379 3.143594 -1.000000 0.937361 1.020773
465 0.737132 4.000206 -1.000000 -0.511120 1.092320
466 1.918081 -0.000467 -1.000000 -0.724060 -1.218171
467 1.907175 -0.000594 -1.000000 -0.164487 -1.427649
468 2.800176 -0.000062 -1.000000 -0.363619 -0.488331
469 3.276940 4.000389 -1.000000 0.390680 1.874705
470 -0.000181 0.145458 -1.000000 -0.389060 -0.679597
471 2.454807 4.000482 -1.000000 0.014917 1.088075
472 2.397630 4.000897 -1.000000 -0.411776 2.725572
473 3.020774 4.000206 -1.000000 0.290273 2.149425
474 2.144454 4.000955 -1.000000 -0.687466 2.321855
475 -0.000838 1.021217 -1.000000 -2.525125 -0.680160
476 4.000099 1.416036 -1.000000 3.172686 -0.076693
477 -0.000309 3.080465 -1.000000 -0.923245 0.281848
478 3.254061 2.642158 0.010000 0.189881 0.376084
479 0.635884 -0.000472 -1.000000 0.291905 -1.643796
480 4.000438 3.231847 -1.000000 1.198185 0.679209
481 1.171959 -0.000528 -1.000000 0.232155 -1.480017
482 2.296500 4.000889 -1.000000 0.966188 2.628229
483 4.000993 2.477861 -1.000000 2.498503 -0.118962
484 4.000163 0.208748 -1.000000 1.348288 -1.798923
485 1.668713 -0.000344 -1.000000 -0.215497 -1.198277
486 4.000045 0.517173 -1.000000 1.004368 -0.901116
487 4.000095 2.496234 -1.000000 0.563829 0.272506
488 3.196376 4.000103 -1.000000 -0.582872 0.332577
489 1.119000 -0.000769 -1.000000 -0.765645 -1.681819
490 2.550446 4.000338 -1.000000 -0.569185 0.738531
491 4.000456 2.850317 -1.000000 1.720829 0.018357
492 3.281370 4.000091 -1.000000 0.372025 1.482112
493 0.553285 1.554768 0.010000 -0.095932 -0.358416
494 -0.000378 1.260476 -1.000000 -1.014186 0.383319
495 0.870381 -0.000557 -1.000000 -2.127399 -1.560438
496 0.919737 -0.001636 -1.000000 -3.120594 -3.332297
497 4.000282 2.469559 -1.000000 1.309301 -0.428161
498 0.648169 -0.000135 -1.000000 0.534062 -1.681869
499 2.377100 4.000154 -1.000000 0.970161 1.664029
500 2.881462 4.000128 -1.000000 0.568288 1.061131
501 -0.000598 3.116045 -1.000000 -1.750302 0.561298
502 2.888659 4.000095 -1.000000 1.233814 0.725582
503 3.821024 4.000066 -1.000000 1.491652 1.214650
504 1.335777 0.729910 0.010000 -0.044853 -0.368768
505 2.376252 -0.000209 -1.000000 0.887734 -1.179148
506 0.674682 4.000486 -1.000000 -0.431965 1.693556
507 3.208191 4.000920 -1.000000 2.738629 2.557782
508 2.438677 -0.000368 -1.000000 1.156553 -1.220254
509 -0.000081 1.306237 -1.000000 -0.397038 1.414616
510 3.204062 -0.000632 -1.000000 -0.096267 -1.521770
511 4.000080 2.278160 -1.000000 0.743997 -1.027376
512 3.004270 4.000566 -1.000000 1.827813 1.854987
513 1.794083 4.000385 -1.000000 0.660939 0.965733
514 3.029940 4.000486 -1.000000 1.520607 1.732170
515 2.809030 -0.000039 -1.000000 0.459559 -1.663556
516 -0.000029 0.623571 -1.000000 -0.104326 -0.957465
517 -0.000473 1.986539 -1.000000 -1.043557 -0.013065
518 4.000063 3.848416 -1.000000 2.153360 2.020155
519 1.179641 4.000690 -1.000000 -0.260897 1.607355
520 1.647954 2.330885 0.010000 0.083463 -0.203445
521 2.635697 4.000388 -1.000000 0.897505 2.243844
522 -0.000089 3.370124 -1.000000 -0.523088 1.144880
523 0.057669 4.000180 -1.000000 -0.257864 1.523933
524 -0.000108 3.316774 -1.000000 -1.211390 -0.112566
525 4.000027 1.295685 -1.000000 1.209491 -0.949455
526 -0.000014 2.852849 -1.000000 -0.488895 1.300493
527 -0.000307 2.336562 -1.000000 -1.102454 1.011516
528 -0.000255 0.890171 -1.000000 -0.648165 -1.115528
529 1.628925 4.000965 -1.000000 -0.624424 2.580291
530 -0.000183 2.350123 -1.000000 -0.620869 0.995097
531 1.265363 -0.000597 -1.000000 -0.866117 -1.194298
532 1.743807 4.000579 -1.000000 -0.215520 1.364983
533 1.904502 4.000484 -1.000000 0.682899 2.385868
534 1.778527 4.000682 -1.000000 0.828191 1.382073
535 3.627057 -0.000351 -1.000000 1.662530 -2.122089
536 -0.000163 1.021199 -1.000000 -0.694344 0.445261
537 3.554130 -0.000358 -1.000000 -0.052602 -0.830947
538 3.793306 -0.000249 -1.000000 0.653437 -1.560115
539 3.100073 -0.000105 -1.000000 -0.124692 -1.166301
540 2.053933 4.000328 -1.000000 0.747977 0.803877
541 3.296613 -0.000003 -1.000000 1.759441 -2.838295
542 1.197876 4.000173 -1.000000 0.273507 0.470106
543 1.224420 -0.000019 -1.000000 -1.218338 -0.101474
544 3.406256 -0.000002 -1.000000 0.628159 -0.034893
545 0.635500 4.000545 -1.000000 -0.088081 1.341729
546 3.540670 4.000293 -1.000000 1.312655 0.780053
547 0.873762 -0.000242 -1.000000 -0.533765 -2.028231
548 4.000448 3.847416 -1.000000 2.018278 1.488778
549 2.941364 4.000960 -1.000000 2.224350 2.287544
550 -0.000235 1.608434 -1.000000 -1.128664 1.181826
551 4.000195 0.702644 -1.000000 0.430656 -1.278779
552 0.575680 4.000291 -1.000000 -0.043373 1.710394
553 1.637407 4.000495 -1.000000 -0.260508 2.347719
554 3.012734 4.000235 -1.000000 1.660946 1.234911
555 -0.000125 3.358511 -1.000000 -0.467159 1.296558
556 0.983441 4.000147 -1.000000 0.567522 0.627620
557 2.580949 -0.000247 -1.000000 -0.780627 -0.601727
558 -0.000000 1.582657 -1.000000 -1.070189 -0.665392
559 -0.000498 3.018637 -1.000000 -1.145567 1.783070
560 1.881146 -0.000001 -1.000000 0.033392 -0.585966
561 1.390226 4.000607 -1.000000 0.248109 2.078977
562 -0.000168 0.812820 -1.000000 -0.913031 0.900503
563 1.642643 4.000625 -1.000000 -0.414735 2.493934
564 -0.000355 2.928092 -1.000000 -1.397656 1.686201
565 3.714579 -0.000125 -1.000000 0.545707 -0.881464
566 2.131459 -0.000504 -1.000000 -0.870094 -3.222723
567 -0.000093 1.011666 -1.000000 -0.343589 0.387399
568 1.692604 4.000350 -1.000000 0.807986 0.888073
569 -0.000495 0.885970 -1.000000 -1.004220 0.900832
570 1.822411 4.000079 -1.000000 -0.268081 1.279634
571 1.203358 4.000379 -1.000000 -0.795901 1.856610
572 4.000106 1.907951 -1.000000 0.464106 0.538419
573 1.281442 -0.000277 -1.000000 -1.391775 -1.405864
574 -0.000221 2.137144 -1.000000 -2.458111 1.530651
575 0.788321 4.000183 -1.000000 -0.105007 1.711899
576 -0.000211 1.385530 -1.000000 -0.701845 0.695816
577 1.245870 4.000365 -1.000000 -0.099554 2.192864
578 -0.000121 2.616417 -1.000000 -0.904960 -0.006157
579 4.000064 3.611036 -1.000000 2.246331 0.709541
580 1.407430 4.000321 -1.000000 0.312695 2.034649
581 2.278237 4.000067 -1.000000 0.291091 2.303324
582 2.480855 -0.000227 -1.000000 -0.181559 -0.918510
583 -0.000039 0.787811 -1.000000 -0.411446 -0.825374
584 1.816665 4.000251 -1.000000 0.886016 0.773741
585 -0.000019 0.836312 -1.000000 -2.178559 -0.664264
586 -0.000303 1.558183 -1.000000 -1.193248 -0.979469
587 0.867729 4.000176 -1.000000 -0.930300 1.511530
588 -0.000246 3.361525 -1.000000 -0.543871 1.092212
589 1.874636 4.000502 -1.000000 0.797479 1.737106
590 1.342944 -0.000546 -1.000000 -1.415483 -1.315580
591 -0.000235 3.517489 -1.000000 -1.630181 0.303527
592 3.012569 -0.000033 -1.000000 0.728877 -0.334950
593 0.924929 4.000338 -1.000000 -0.667532 1.117655
594 1.372681 4.000790 -1.000000 -0.002304 2.128554
595 4.000205 1.183767 -1.000000 1.048659 0.236765
596 -0.000239 3.056164 -1.000000 -1.072043 1.449608
597 -0.000049 1.563573 -1.000000 -0.190783 -0.974962
598 -0.000058 3.168952 -1.000000 -0.648527 1.071610
599 2.041584 4.000192 -1.000000 -0.823730 3.998395
600 0.797459 4.000173 -1.000000 0.720109 0.512583
601 2.718124 -0.001483 -1.000000 2.158852 -3.537030
602 2.162141 4.000384 -1.000000 0.999412 2.089310
603 -0.000004 1.005437 -1.000000 -0.692197 0.166828
604 4.000529 0.706283 -1.000000 1.285126 0.002762
605 3.051380 4.000364 -1.000000 1.026957 1.140943
606 -0.000326 2.410714 -1.000000 -1.063254 1.315559
607 4.000765 2.409289 -1.000000 1.676023 1.184259
608 2.296776 4.000648 -1.000000 1.034647 2.821328
609 2.792116 -0.000108 -1.000000 0.494177 -1.498820
610 -0.000099 1.976243 -1.000000 -1.529976 1.010395
611 -0.000091 2.870639 -1.000000 -1.153812 -0.107689
612 4.000436 3.502769 -1.000000 1.805260 0.641756
613 4.000200 3.650879 -1.000000 0.945094 0.156673
614 4.000391 3.107614 -1.000000 1.542167 0.718596
615 3.242643 -0.000212 -1.000000 -0.555240 -0.763297
616 -0.000093 1.036019 -1.000000 -0.754584 0.589731
617 4.000075 1.795412 -1.000000 0.498099 -1.015713
618 0.905226 4.000051 -1.000000 0.247547 0.249552
619 1.499415 -0.000253 -1.000000 -1.282557 -1.225242
620 -0.000466 2.153325 -1.000000 -1.085071 -0.414396
621 0.647847 4.000474 -1.000000 -0.052515 1.248729
622 0.710878 4.000470 -1.000000 -0.680086 2.225188
623 0.789688 4.000357 -1.000000 -0.753525 1.005233
624 -0.000132 1.350545 -1.000000 -0.926307 0.769678
625 2.280506 -0.000443 -1.000000 -0.753150 -1.052505
626 -0.000515 1.412443 -1.000000 -1.218621 -0.673960
627 1.396459 -0.000172 -1.000000 -2.159951 -2.222840
628 0.968430 4.000014 -1.000000 0.313151 0.716313
629 1.171451 4.000810 -1.000000 0.050369 2.556314
630 4.000452 2.289233 -1.000000 1.010989 -0.462265
631 1.821872 4.000060 -1.000000 0.262670 1.003515
632 1.643414 4.000348 -1.000000 -0.675139 2.390743
633 0.212014 -0.000458 -1.000000 -1.243390 -1.585540
634 0.807233 4.000081 -1.000000 -0.418486 1.915946
635 -0.000382 3.324546 -1.000000 -0.795162 1.274288
636 3.549949 -0.000116 -1.000000 -0.117539 -0.767400
637 1.162506 4.000331 -1.000000 0.663720 0.736845
638 0.769367 4.000544 -1.000000 0.030053 1.620088
639 1.968396 4.000458 -1.000000 1.005982 2.755812
640 4.000196 1.127967 -1.000000 1.038025 0.171983
641 0.818417 -0.000590 -1.000000 -1.130948 -2.666407
642 4.000665 2.460084 -1.000000 1.578401 1.159093
643 2.872815 -0.000122 -1.000000 1.225177 -3.057541
644 2.395222 -0.000120 -1.000000 0.770762 -0.637810
645 -0.000129 1.534977 -1.000000 -0.684420 0.416473
646 -0.000146 0.793793 -1.000000 -1.065256 0.764764
647 0.132456 -0.000323 -1.000000 -1.757606 -0.928500
648 2.043519 4.000222 -1.000000 0.198644 1.581879
649 0.883356 4.000110 -1.000000 -0.576046 1.132264
650 4.000160 0.834230 -1.000000 0.515600 -0.509988
651 -0.000547 1.258755 -1.000000 -1.487091 -1.208937
652 0.250235 4.000552 -1.000000 -1.335339 1.326649
653 -0.000401 1.115092 -1.000000 -1.062680 -1.098654
654 4.000083 1.995976 -1.000000 0.996951 -0.159109
655 0.960890 4.000401 -1.000000 0.360272 1.257574
656 3.941966 -0.000420 -1.000000 0.160003 -1.235709
657 1.388522 4.000548 -1.000000 0.374038 2.109908
658 -0.000239 1.720771 -1.000000 -0.722379 -0.091690
659 3.192053 4.000221 -1.000000 1.334523 2.707150
660 2.955436 0.575636 0.010000 -0.215095 -0.400742
661 1.247402 4.000105 -1.000000 -0.154797 2.470626
662 -0.000399 1.024666 -1.000000 -0.940589 0.190894
663 1.328021 4.000244 -1.000000 0.577147 0.671763
664 1.696645 -0.000147 -1.000000 -0.573990 -0.584944
665 1.870371 4.000159 -1.000000 -0.360924 1.619502
666 -0.000244 3.427381 -1.000000 -0.712021 0.929831
667 0.439985 -0.000064 -1.000000 -1.898060 -1.219490
668 -0.000006 1.232690 -1.000000 -0.542313 1.140356
669 2.946682 4.001276 -1.000000 1.656925 2.766593
670 4.000132 1.087126 -1.000000 1.001219 -0.659204
671 3.900617 0.860488 0.010000 0.555150 -0.304937
672 1.943287 -0.000050 -1.000000 -0.499748 -1.943228
673 0.928895 4.000553 -1.000000 0.467812 1.162715
674 -0.000331 2.858946 -1.000000 -1.014734 -0.126556
675 4.000631 0.717337 -1.000000 3.105333 -0.904862
676 -0.000154 0.852804 -1.000000 -0.915522 1.002357
677 1.675884 4.000786 -1.000000 -0.197713 1.628768
678 1.447383 4.000039 -1.000000 -0.810117 2.252143
679 1.414442 4.000906 -1.000000 0.095268 1.874626
680 4.000431 1.501898 -1.000000 1.013824 -1.192397
681 2.408901 4.000357 -1.000000 1.016281 0.860720
682 2.284780 -0.000490 -1.000000 0.951920 -1.354810
683 4.000431 3.701379 -1.000000 2.060275 0.872485
684 -0.000164 2.020700 -1.000000 -0.855093 -0.635496
685 -0.000124 1.298969 -1.000000 -0.272568 1.305549
686 1.222824 -0.000334 -1.000000 -1.846690 -2.051100
687 -0.000362 1.437657 -1.000000 -0.845247 0.975324
688 -0.000246 1.230366 -1.000000 -0.966274 0.926199
689 1.789737 -0.000369 -1.000000 0.634432 -0.754573
690 3.498233 -0.000424 -1.000000 -0.200512 -1.079208
691 -0.000251 1.332719 -1.000000 -0.665534 0.641059
692 3.519512 -0.000404 -1.000000 -0.238540 -0.993062
693 2.340935 -0.000049 -1.000000 0.664739 -0.346546
694 -0.000307 0.600263 -1.000000 -1.042864 -0.666884
695 0.981803 4.000432 -1.000000 -0.758805 1.561697
696 1.204674 4.000885 -1.000000 0.140768 2.145364
697 0.262394 -0.000222 -1.000000 -1.413208 -1.017904
698 1.594623 4.000022 -1.000000 -0.115121 1.543171
699 4.000161 2.222870 -1.000000 0.660649 -0.565450
700 0.787913 -0.000061 -1.000000 -1.695271 -1.611326
701 4.000011 2.310047 -1.000000 0.263071 -0.742109
702 4.000022 3.287228 -1.000000 0.640444 0.146248
703 2.493081 -0.000714 -1.000000 0.991825 -2.073508
704 1.476837 4.000075 -1.000000 0.620215 1.596773
705 -0.000179 1.868777 -1.000000 -1.591621 0.354052
706 0.973270 4.000040 -1.000000 0.551944 0.457573
707 4.000035 0.800816 -1.000000 0.405779 -1.125310
708 1.162281 4.001130 -1.000000 -1.090566 2.269589
709 1.236466 -0.000680 -1.000000 -1.736295 -2.265136
710 -0.000361 2.018575 -1.000000 -1.188778 0.906567
711 1.808668 4.000300 -1.000000 -0.378366 1.487793
712 0.829766 4.000422 -1.000000 -0.749839 0.975386
713 -0.000697 1.448021 -1.000000 -2.035214 0.087476
714 1.892923 4.000214 -1.000000 -0.783488 1.550138
715 -0.000158 0.336531 -1.000000 -0.739950 0.496777
716 2.742990 4.000577 -1.000000 2.290589 2.799072
717 1.781348 -0.000899 -1.000000 0.270471 -2.037719
718 4.000024 1.587677 -1.000000 0.262940 -0.437458
719 4.000942 3.730410 -1.000000 2.074143 0.847268
720 1.650702 4.000319 -1.000000 -0.491315 2.596811
721 1.674037 4.000048 -1.000000 0.580908 1.440412
722 -0.000074 0.763651 -1.000000 -1.180175 0.693149
723 1.417990 4.000741 -1.000000 0.026346 2.371033
724 2.545287 -0.000310 -1.000000 -0.785645 -1.244176
725 3.464519 4.000302 -1.000000 -0.114317 0.719084
726 4.000228 3.891987 -1.000000 0.908529 -0.004857
727 2.780976 -0.000020 -1.000000 1.605127 -1.270638
728 2.731390 4.001251 -1.000000 0.395613 2.686143
729 0.762784 4.000338 -1.000000 -0.543911 1.050845
730 2.174456 4.000574 -1.000000 1.179014 1.573907
731 -0.000109 0.495524 -1.000000 -2.100769 -0.566011
732 2.436019 -0.000348 -1.000000 -0.289112 -0.714677
733 4.000008 1.616306 -1.000000 0.033321 -0.359501
734 0.737015 4.000241 -1.000000 -0.150336 0.983258
735 1.552861 4.000453 -1.000000 0.419564 3.119746
736 1.292495 4.000118 -1.000000 0.994117 0.667558
737 -0.000585 1.042048 -1.000000 -1.718831 0.304866
738 0.460866 -0.000172 -1.000000 -1.272035 -0.957337
739 4.000473 2.274672 -1.000000 1.228605 -0.143208
740 -0.000147 2.140964 -1.000000 -1.095192 -0.397461
741 -0.000244 1.233539 -1.000000 -0.592294 1.001684
742 0.157288 4.000073 -1.000000 -0.100664 1.039315
743 1.613769 4.001303 -1.000000 0.069442 2.678165
744 -0.000066 3.572198 -1.000000 -0.874635 1.539186
745 4.000332 2.008198 -1.000000 1.426726 -0.491048
746 1.827565 4.000175 -1.000000 0.447898 1.155993
747 -0.000065 1.016978 -1.000000 -0.974774 -1.076905
748 -0.001072 2.551711 -1.000000 -2.245941 -0.037393
749 2.580745 -0.000265 -1.000000 -0.610882 -1.815135
750 -0.000307 3.038684 -1.000000 -1.126901 1.501245
751 1.993134 4.002015 -1.000000 0.690107 4.898088
752 3.891669 -0.000208 -1.000000 0.174314 -1.299507
753 0.924305 4.000005 -1.000000 0.584089 0.919405
754 1.401349 -0.000800 -1.000000 1.481427 -1.878696
755 4.000120 1.719686 -1.000000 0.353186 0.262306
756 -0.000420 1.730016 -1.000000 -0.938986 -0.790831
757 4.000851 3.143831 -1.000000 2.417022 0.831535
758 -0.000303 1.021892 -1.000000 -0.661821 -1.410723
759 -0.000536 3.513834 -1.000000 -1.598292 0.170675
760 1.603997 -0.000582 -1.000000 0.457505 -2.263819
761 2.035254 4.000569 -1.000000 0.071192 1.163366
762 0.954083 4.000235 -1.000000 0.156440 0.711131
763 0.664917 4.000207 -1.000000 -0.519716 1.185168
764 2.930581 4.000124 -1.000000 -1.161037 3.644795
765 4.000124 2.941109 -1.000000 0.855333 0.327848
766 0.787074 -0.000418 -1.000000 -1.400253 -3.568254
767 -0.000057 0.985735 -1.000000 -0.884454 0.219629
768 1.009885 4.000008 -1.000000 0.713432 0.606619
769 1.791474 4.000475 -1.000000 -0.026565 1.180254
770 4.000711 3.717773 -1.000000 2.262770 2.096867
771 1.865596 4.000239 -1.000000 0.904696 1.041714
772 4.000465 2.227113 -1.000000 1.582608 -0.628680
773 2.869595 4.000381 -1.000000 1.235335 0.905551
774 3.961117 -0.000227 -1.000000 0.010485 -0.725052
775 1.181858 -0.000511 -1.000000 0.124358 -1.871693
776 0.000357 4.000369 -1.000000 -0.028818 0.980071
777 4.000405 2.333104 -1.000000 0.862612 -0.377728
778 1.606530 4.001118 -1.000000 -0.079982 3.078561
779 1.826391 4.000529 -1.000000 0.214225 1.262214
780 1.340605 4.000338 -1.000000 -1.769343 1.773193
781 -0.000039 3.474039 -1.000000 -1.620235 0.326996
782 4.000383 3.064911 -1.000000 0.777544 1.135680
783 1.290979 4.000284 -1.000000 0.343746 0.704370
784 2.636717 4.000916 -1.000000 0.920108 2.179728
785 4.000004 1.311582 -1.000000 0.166301 -0.910238
786 3.504467 -0.000566 -1.000000 1.487100 -1.391808
787 1.574409 -0.000210 -1.000000 0.622904 -1.769054
788 2.081568 4.001232 -1.000000 0.722786 4.148779
789 -0.000110 1.605368 -1.000000 -2.403616 0.208098
790 1.219181 -0.000300 -1.000000 -1.833914 -2.070418
791 2.304792 -0.000283 -1.000000 0.994610 -1.325533
792 2.284826 4.000003 -1.000000 -0.544953 2.748543
793 0.907782 -0.000403 -1.000000 -0.719182 -2.175976
794 3.884316 -0.000137 -1.000000 2.147678 -1.453261
795 2.199763 -0.000147 -1.000000 0.690778 -0.354737
796 1.565277 -0.000645 -1.000000 -1.422056 -2.108038
797 -0.000299 1.085667 -1.000000 -1.068938 -0.882839
798 -0.000033 3.874007 -1.000000 -0.076314 0.907592
799 2.252543 -0.000272 -1.000000 -0.890948 -1.571058
800 1.162006 4.000570 -1.000000 -1.320253 2.205985
801 -0.000017 3.315598 -1.000000 -0.576111 0.932518
802 1.644900 4.000201 -1.000000 -0.002360 1.704343
803 4.000388 2.510103 -1.000000 1.471543 0.027978
804 2.019106 -0.000285 -1.000000 -0.945727 -1.148512
805 4.000351 2.913335 -1.000000 3.684541 1.720790
806 0.336643 -0.000533 -1.000000 -0.085081 -1.998331
807 2.627527 -0.000271 -1.000000 0.903813 -0.743660
808 0.793759 4.000041 -1.000000 -0.486311 0.786035
809 4.000257 1.456560 -1.000000 0.565805 0.058922
810 1.274393 4.000871 -1.000000 -1.278177 1.754806
811 1.161713 4.000108 -1.000000 -0.852497 1.667898
812 2.041918 -0.000494 -1.000000 -0.331379 -1.601467
813 -0.000345 3.212002 -1.000000 -1.443717 0.856839
814 1.447706 4.000595 -1.000000 -0.972526 4.573178
815 0.833621 -0.000253 -1.000000 0.158301 -1.119045
816 0.393010 2.866664 0.010000 -0.472076 -0.126041
817 -0.000413 2.310625 -1.000000 -0.864511 1.168083
818 1.210395 4.000140 -1.000000 0.669523 0.282997
819 1.898531 4.000386 -1.000000 0.576913 2.146294
820 -0.000092 1.959184 -1.000000 -0.470269 0.556571
821 -0.000344 2.679366 -1.000000 -1.195159 0.292219
822 -0.000345 0.833709 -1.000000 -1.278737 -0.358798
823 -0.000293 3.328765 -1.000000 -0.629785 1.116131
824 4.000813 1.367617 -1.000000 1.634012 -1.190847
825 2.446208 1.439797 0.010000 -0.351891 -0.231367
826 0.861041 -0.000021 -1.000000 -0.585702 -2.233990
827 -0.000088 3.063887 -1.000000 -1.221815 1.314440
828 4.000116 3.232097 -1.000000 1.168741 0.195527
829 1.770033 4.000576 -1.000000 -0.029971 1.401445
830 3.452680 3.539634 0.010000 -0.066999 0.327508
831 1.614767 4.000666 -1.000000 -0.268741 2.506617
832 0.315035 4.000012 -1.000000 -1.443960 1.490868
833 0.472504 -0.000128 -1.000000 -1.672165 -1.114407
834 -0.000061 0.997341 -1.000000 -0.719816 0.258224
835 1.312750 -0.000605 -1.000000 -1.645326 -2.006240
836 -0.000464 0.628124 -1.000000 -1.006766 -0.506529
837 -0.000436 1.640387 -1.000000 -1.332176 0.242518
838 4.000540 1.582690 -1.000000 1.202947 -1.245602
839 -0.000227 2.296849 -1.000000 -0.862536 1.332248
840 1.532998 -0.000623 -1.000000 -0.766131 -3.084584
841 -0.000111 0.883797 -1.000000 -1.121801 0.892472
842 0.754036 4.000172 -1.000000 -0.974390 1.282021
843 4.000103 2.233278 -1.000000 0.517296 -0.893490
844 4.000425 2.713441 -1.000000 1.592589 0.263624
845 1.731601 -0.000847 -1.000000 -1.253604 -2.014652
846 4.000115 1.096214 -1.000000 0.573207 -0.205471
847 1.424856 4.000314 -1.000000 -0.443854 2.987936
848 3.523500 -0.000024 -1.000000 -0.082396 -1.023704
849 2.445708 -0.000370 -1.000000 -0.418293 -0.747300
850 1.369345 4.000357 -1.000000 -0.667195 1.753961
851 0.749230 4.000561 -1.000000 -0.336378 1.719565
852 -0.000479 0.572293 -1.000000 -1.597027 -0.944992
853 -0.000357 2.364713 -1.000000 -0.742651 -0.678126
854 1.481019 -0.000192 -1.000000 -1.087250 -3.052347
855 -0.000128 1.290185 -1.000000 -0.606837 0.810147
856 1.910359 4.000064 -1.000000 0.152083 1.725214
857 0.950779 4.000093 -1.000000 0.388378 0.742169
858 1.267294 -0.000378 -1.000000 -1.684249 -2.012166
859 0.448755 -0.000166 -1.000000 -1.368143 -0.941214
860 3.233646 -0.000195 -1.000000 -0.270236 -1.203565
861 2.577375 -0.000225 -1.000000 0.844767 -0.478893
862 0.923670 4.000222 -1.000000 0.742672 0.490984
863 -0.000011 0.755275 -1.000000 -0.405454 -0.946934
864 2.236189 -0.000536 -1.000000 -0.768977 -1.198630
865 -0.000187 3.894967 -1.000000 -0.756252 0.304442
866 -0.000041 1.874932 -1.000000 -0.747275 1.039311
867 0.118911 -0.000278 -1.000000 -1.560372 -1.695754
868 4.000475 1.271818 -1.000000 1.944471 -1.778265
869 2.472379 -0.000293 -1.000000 -0.918923 -1.076590
870 0.347051 -0.000061 -1.000000 0.182983 -0.994124
871 1.881613 4.000277 -1.000000 0.670099 2.047476
872 2.833772 -0.000025 -1.000000 -0.826533 -0.170918
873 1.304629 4.000255 -1.000000 0.500032 0.571325
874 1.756475 -0.000297 -1.000000 -0.149895 -1.702632
875 2.649799 0.202035 0.010000 -0.185082 -0.506409
876 1.372336 4.000171 -1.000000 0.554064 0.489693
877 4.000566 2.127203 -1.000000 1.207663 0.382888
878 -0.000273 1.352760 -1.000000 -1.449720 0.454939
879 4.000284 2.321537 -1.000000 0.883759 -0.253872
880 4.000250 1.936725 -1.000000 0.872207 -0.890939
881 4.000226 3.382647 -1.000000 1.728109 0.808894
882 -0.000335 0.962335 -1.000000 -0.740867 0.116224
883 1.028272 3.343064 0.010000 -0.613539 -0.011413
884 -0.000098 3.817286 -1.000000 -0.206141 1.057863
885 -0.000211 0.368539 -1.000000 -0.909049 -0.511685
886 2.713379 -0.000109 -1.000000 0.738072 -0.313393
887 0.222966 -0.000409 -1.000000 -1.216743 -1.579207
888 0.950870 -0.000618 -1.000000 2.556689 -1.724949
889 0.506626 -0.000116 -1.000000 -0.031780 -1.110718
890 0.873350 -0.000298 -1.000000 -0.926241 -2.882227
891 -0.000221 1.733830 -1.000000 -0.475347 1.204024
892 3.553287 -0.000090 -1.000000 0.128949 -1.255299
893 -0.000026 0.650690 -1.000000 -1.566916 -0.348357
894 -0.000015 1.912791 -1.000000 -1.204907 0.391186
895 2.580262 4.000071 -1.000000 -0.869371 0.157907
896 1.056105 4.000417 -1.000000 -1.166143 2.176493
897 -0.000082 1.496833 -1.000000 -0.300097 1.330211
898 1.387535 4.000918 -1.000000 -0.531677 2.933810
899 1.491470 -0.000635 -1.000000 0.226397 -2.127557
900 3.748417 -0.000903 -1.000000 0.898616 -2.067116
901 1.837446 -0.000222 -1.000000 -0.394191 -3.222302
902 -0.000427 3.330531 -1.000000 -0.977060 1.263188
903 2.372578 4.000164 -1.000000 1.102237 0.941437
904 -0.000502 3.217000 -1.000000 -1.553718 0.671177
905 -0.000278 1.211171 -1.000000 -1.513205 -0.093904
906 1.884856 4.000503 -1.000000 -0.864734 2.390418
907 -0.000301 3.706061 -1.000000 -0.883131 1.396317
908 2.722762 4.000476 -1.000000 2.410055 2.890838
909 -0.000038 1.916479 -1.000000 -1.839186 0.777602
910 3.162337 -0.000714 -1.000000 2.306843 -2.286560
911 1.395500 -0.000207 -1.000000 -0.398684 -0.459539
912 2.872780 -0.000180 -1.000000 0.099783 -0.529916
913 -0.000209 0.832250 -1.000000 -1.071667 1.091107
914 -0.000898 0.835463 -1.000000 -2.245595 -0.699403
915 -0.000387 0.860204 -1.000000 -0.826166 -1.304592
916 1.240474 4.000105 -1.000000 0.502304 0.353446
917 3.072473 4.000516 -1.000000 -0.172995 1.255396
918 1.273770 4.000025 -1.000000 -0.753894 2.063305
919 2.000808 4.000513 -1.000000 1.482314 1.351767
920 1.830794 4.000054 -1.000000 1.447424 0.679770
921 -0.000182 3.034808 -1.000000 -1.764822 1.749008
922 2.189102 4.001066 -1.000000 0.974648 2.364246
923 3.709638 -0.000747 -1.000000 0.459834 -1.579279
924 -0.000773 1.428381 -1.000000 -1.781134 0.881424
925 -0.000347 0.887894 -1.000000 -1.534123 -0.105681
926 1.037509 4.000055 -1.000000 -0.694280 0.515430
927 -0.000158 1.399786 -1.000000 -0.342128 1.313384
928 4.000300 3.061405 -1.000000 1.149689 0.587791
929 2.079947 -0.000365 -1.000000 0.787545 -1.033584
930 0.493181 4.000124 -1.000000 -1.630145 0.817320
931 3.903023 0.888401 0.010000 0.757961 -0.372084
932 1.652288 4.000517 -1.000000 -0.670676 2.270104
933 2.289424 -0.000303 -1.000000 -0.736986 -1.172034
934 -0.000205 1.723546 -1.000000 -1.624183 0.834052
935 4.000317 1.896417 -1.000000 1.368157 0.848710
936 -0.000090 2.267226 -1.000000 -0.832528 0.870216
937 2.197376 -0.000026 -1.000000 0.484936 -0.528885
938 4.000216 0.842349 -1.000000 1.006274 -0.521209
939 2.448963 -0.000052 -1.000000 -0.197980 -0.390519
940 3.897757 4.000104 -1.000000 1.290673 0.478396
941 0.399900 -0.000308 -1.000000 -0.459003 -1.388420
942 1.626824 4.000735 -1.000000 0.674195 2.496419
943 1.151078 4.000707 -1.000000 -1.062441 1.972934
944 0.772367 4.000145 -1.000000 -0.631929 1.058021
945 1.822433 4.000454 -1.000000 -0.180146 1.606620
946 -0.001058 0.934137 -1.000000 -2.240688 -0.475322
947 -0.000731 3.510204 -1.000000 -1.566841 -0.034901
948 -0.000233 1.307382 -1.000000 -0.583423 0.310103
949 0.908546 4.000363 -1.000000 0.046669 1.698553
950 4.000504 0.249869 -1.000000 1.170689 -1.633434
951 1.584895 -0.000249 -1.000000 -1.170442 -2.508464
952 -0.000849 2.239850 -1.000000 -1.786583 1.067904
953 -0.000260 1.263232 -1.000000 -0.581203 1.022718
954 1.260115 4.000578 -1.000000 -1.103994 1.782265
955 2.184124 -0.000051 -1.000000 0.947703 -0.195463
956 2.913939 -0.000129 -1.000000 0.609341 -1.920272
957 1.494978 -0.000061 -1.000000 0.582268 -0.301218
958 -0.000162 1.538935 -1.000000 -0.574168 -0.444972
959 0.941761 4.000018 -1.000000 0.676478 0.684815
960 -0.000113 1.541946 -1.000000 -0.433323 0.620697
961 4.000110 1.205810 -1.000000 0.971139 -1.410340
962 2.286416 -0.000214 -1.000000 -0.985452 -0.815341
963 1.725787 4.000761 -1.000000 -0.521775 2.544754
964 0.763144 -0.000276 -1.000000 -0.078259 -0.803455
965 2.458840 -0.000180 -1.000000 -0.326981 -0.475656
966 -0.000035 2.272913 -1.000000 -1.049131 1.052385
967 1.131197 -0.000550 -1.000000 -0.259453 -2.918316
968 2.899239 4.001183 -1.000000 3.108150 3.412706
969 1.222636 4.000961 -1.000000 -0.858429 2.205684
970 2.827190 4.000564 -1.000000 2.367376 2.901743
971 -0.000533 1.911852 -1.000000 -1.738974 0.587348
972 4.000086 0.965993 -1.000000 1.061464 -1.041821
973 1.848831 4.000666 -1.000000 0.733971 1.514891
974 1.610250 4.000815 -1.000000 -0.103442 2.760826
975 4.000000 3.546119 -1.000000 1.071141 -0.037239
976 1.141729 4.000185 -1.000000 -0.966655 2.064916
977 0.305786 4.000305 -1.000000 -0.555734 0.935438
978 4.000095 2.733015 -1.000000 0.784471 -0.543276
979 2.695600 -0.000333 -1.000000 -0.245473 -0.944021
980 -0.000315 1.243941 -1.000000 -1.022745 0.822689
981 -0.000089 0.897235 -1.000000 -0.896129 -1.293886
982 -0.000426 0.918934 -1.000000 -1.284461 0.744494
983 -0.000126 1.045397 -1.000000 -0.681998 0.729500
984 1.398642 4.000394 -1.000000 0.358556 1.998407
985 0.602778 -0.000680 -1.000000 -0.739199 -2.540303
986 0.458432 -0.000406 -1.000000 -1.318399 -0.931905
987 2.195723 -0.000096 -1.000000 -0.939006 -1.274904
988 0.003407 4.000016 -1.000000 -0.030767 1.087669
989 -0.000122 2.875613 -1.000000 -1.114886 0.019667
990 -0.000341 2.348728 -1.000000 -0.725074 1.395830
991 2.235747 4.000552 -1.000000 -0.537676 2.500258
992 1.883995 4.000431 -1.000000 0.347907 1.150753
993 2.735533 4.000783 -1.000000 0.942585 3.213916
994 3.431619 4.000550 -1.000000 2.352576 2.820866
995 0.793311 4.000007 -1.000000 -0.502531 0.778613
996 4.000453 3.667563 -1.000000 2.257393 0.891695
997 2.237107 -0.000000 -1.000000 -0.856619 -1.364061
998 1.441857 4.000367 -1.000000 -1.092376 1.185282
999 4.000374 3.873937 -1.000000 1.014069 0.288748
