1000
0 1.200000 2.000000 10.000000 0.500000 0.200000
1 1.454075 2.024952 0.010000 0.226446 2.985527
2 1.121229 2.023687 0.010000 -0.919973 -4.522110
3 1.395063 1.936321 0.010000 1.468869 3.167854
4 1.675143 1.734520 0.010000 1.435004 1.873424
5 1.117463 2.109926 0.010000 -2.550255 -2.090256
6 0.787678 2.125935 0.010000 -0.129151 -1.859901
7 1.248237 2.167687 0.010000 -2.753637 1.135946
8 1.171156 2.477591 0.010000 -1.540804 0.076744
9 0.719993 2.020748 0.010000 0.411893 -1.838372
10 1.183761 1.900534 0.010000 4.896530 -0.517798
11 1.326027 1.723631 0.010000 2.834719 1.264660
12 0.881207 2.351855 0.010000 -1.020962 -1.178047
13 1.398705 2.189406 0.010000 -1.362343 2.153779
14 1.349532 2.289717 0.010000 -1.700911 1.335956
15 1.774875 1.838227 0.010000 0.995723 1.961591
16 1.546287 2.389892 0.010000 -0.964251 1.500493
17 1.330067 2.009740 0.010000 0.207591 4.104909
18 1.207307 2.123270 0.010000 -3.517381 0.438148
19 0.679101 2.270394 0.010000 -0.350490 -1.438420
20 0.614954 1.922313 0.010000 0.742319 -1.624847
21 0.989514 1.534989 0.010000 2.303321 -0.616266
22 1.469551 2.087677 0.010000 -0.321642 2.726021
23 1.499930 1.532350 0.010000 2.097097 1.224308
24 1.704996 2.297239 0.010000 -0.437124 1.792134
25 1.075773 2.489673 0.010000 -1.428613 -0.289279
26 1.148184 2.039055 0.010000 -2.841667 -4.233549
27 1.422705 1.697057 0.010000 2.358249 1.566066
28 1.210465 2.191304 0.010000 -2.726116 0.376488
29 1.140405 1.844478 0.010000 3.735876 -1.039973
30 0.697797 2.092874 0.010000 0.140136 -1.745907
31 1.636987 1.701259 0.010000 1.596994 1.804642
32 0.917721 2.189641 0.010000 -0.852393 -1.813018
33 1.180810 1.772787 0.010000 3.451098 -0.049251
34 1.688491 1.916138 0.010000 0.839886 2.179821
35 1.573877 2.283727 0.010000 -0.747891 1.844391
36 1.120585 2.135706 0.010000 -2.578150 -1.601333
37 1.641632 1.766012 0.010000 1.436544 1.967646
38 0.937423 1.479588 0.010000 2.153744 -0.634409
39 0.968368 1.638013 0.010000 2.317102 -0.962744
40 0.895239 2.204272 0.010000 -0.799946 -1.739436
41 1.020830 1.702129 0.010000 2.555487 -1.036378
42 1.449006 2.249045 0.010000 -1.185212 1.884950
43 1.001860 2.260510 0.010000 -1.467529 -1.296473
44 0.816285 2.448743 0.010000 -0.898814 -0.996112
45 1.204202 2.248769 0.010000 -2.334812 0.247882
46 1.604512 2.247212 0.010000 -0.571072 1.952593
47 1.399811 1.985790 0.010000 0.724147 3.351822
48 1.324887 1.877310 0.010000 2.868675 2.611097
49 1.112681 2.254800 0.010000 -2.077785 -0.683402
50 1.482950 2.520548 0.010000 -1.114235 1.077436
51 1.577629 2.042313 0.010000 0.244537 2.479913
52 1.014943 2.068097 0.010000 -0.599810 -2.788810
53 1.502193 1.920814 0.010000 1.141368 2.647607
54 1.298609 1.841925 0.010000 3.279862 1.934117
55 1.129723 1.550846 0.010000 2.572236 -0.124231
56 1.382094 2.195902 0.010000 -1.502912 2.061733
57 1.061583 1.423026 0.010000 2.285297 -0.228295
58 0.734417 1.944344 0.010000 0.745136 -1.850665
59 1.670112 2.132799 0.010000 -0.050051 2.147187
60 1.173195 2.050531 0.010000 -4.723613 -2.570978
61 1.002657 1.727693 0.010000 2.474649 -1.231046
62 0.767975 1.740282 0.010000 1.526276 -1.507150
63 1.083663 1.957347 0.010000 1.882960 -3.572024
64 1.070720 1.823693 0.010000 2.939104 -1.588512
65 1.512979 1.540567 0.010000 2.067587 1.267886
66 0.800585 2.219775 0.010000 -0.509735 -1.635070
67 1.109883 2.333438 0.010000 -1.822975 -0.427819
68 1.515403 1.591428 0.010000 2.058190 1.402868
69 1.357502 2.309825 0.010000 -1.638383 1.287065
70 1.540034 2.111316 0.010000 -0.235578 2.446948
71 1.052096 2.458916 0.010000 -1.438473 -0.424751
72 1.088371 2.066614 0.010000 -1.509988 -3.168277
73 1.302900 1.953245 0.010000 2.240149 4.029777
74 1.411043 2.351619 0.010000 -1.393504 1.336489
75 1.081872 2.024719 0.010000 -0.333779 -3.784553
76 1.757484 1.816859 0.010000 1.076195 1.953950
77 1.223841 1.948377 0.010000 5.884199 2.686578
78 1.403232 1.736209 0.010000 2.441373 1.695689
79 1.298240 1.902673 0.010000 3.176522 2.901622
80 1.144397 2.554932 0.010000 -1.384262 0.011202
81 1.064059 2.080327 0.010000 -1.310525 -2.864022
82 1.430329 2.486188 0.010000 -1.242455 1.025477
83 1.565874 2.093747 0.010000 -0.071169 2.429141
84 0.825907 2.296702 0.010000 -0.771793 -1.403525
85 1.599771 2.296418 0.010000 -0.693990 1.810303
86 1.413237 1.718855 0.010000 2.396862 1.638692
87 1.130419 1.849630 0.010000 3.653105 -1.259031
88 1.133743 2.106746 0.010000 -2.889917 -1.904115
89 1.228115 1.925338 0.010000 5.185663 1.964471
90 1.370918 1.979980 0.010000 0.896600 3.585971
91 1.532299 2.075796 0.010000 -0.038698 2.561729
92 1.599983 1.852385 0.010000 1.249878 2.231904
93 0.933969 2.238059 0.010000 -1.078370 -1.563827
94 1.176502 1.935527 0.010000 5.572275 -1.648612
95 1.024715 2.108755 0.010000 -1.141609 -2.445860
96 1.467679 1.753992 0.010000 2.087121 1.926931
97 1.099457 2.193626 0.010000 -2.187039 -1.195279
98 0.669269 2.136692 0.010000 0.023540 -1.649941
99 1.124005 1.967048 0.010000 2.454790 -4.308226
100 0.886897 2.040061 0.010000 0.180540 -2.296791
101 1.312942 1.985539 0.010000 1.032274 4.357108
102 1.247152 2.096787 0.010000 -3.374729 2.087637
103 0.823430 2.369730 0.010000 -0.863876 -1.189106
104 1.106932 2.064476 0.010000 -1.893466 -3.254865
105 0.979078 1.660045 0.010000 2.362335 -1.010249
106 1.258229 2.105422 0.010000 -3.067159 2.170277
107 1.515839 2.311398 0.010000 -0.990867 1.712133
108 1.101281 2.000753 0.010000 0.465665 -4.300852
109 1.348752 2.027078 0.010000 -0.151364 3.778198
110 1.264991 1.812706 0.010000 3.500690 1.241239
111 1.274910 1.930978 0.010000 3.502574 3.458704
112 0.974432 2.320830 0.010000 -1.347334 -1.098818
113 1.247050 2.037235 0.010000 -3.082823 4.727245
114 1.423494 1.800807 0.010000 2.219720 2.129524
115 1.094301 2.166326 0.010000 -2.188707 -1.508661
116 1.301525 2.040566 0.010000 -1.086993 4.171746
117 0.743989 1.764410 0.010000 1.406046 -1.553753
118 1.318389 2.115827 0.010000 -1.930149 2.683902
119 0.804099 1.852621 0.010000 1.259096 -1.839151
120 1.254427 2.129757 0.010000 -2.976648 1.658277
121 1.493238 1.497985 0.010000 2.101537 1.135492
122 1.149986 2.259206 0.010000 -2.202627 -0.321477
123 0.827588 1.575024 0.010000 1.914929 -1.039923
124 1.408749 2.084064 0.010000 -0.613613 2.965356
125 0.973926 2.220807 0.010000 -1.257792 -1.599720
126 0.640111 2.207516 0.010000 -0.136043 -1.516079
127 0.977143 2.275180 0.010000 -1.346871 -1.295706
128 1.276564 2.370273 0.010000 -1.752251 0.665713
129 1.153927 2.083434 0.010000 -3.510082 -2.014398
130 1.643680 2.297205 0.010000 -0.577032 1.807839
131 0.862339 2.185450 0.010000 -0.596864 -1.797127
132 1.216081 1.845554 0.010000 4.069561 0.571667
133 1.731754 2.099276 0.010000 0.147115 2.090165
134 0.891356 2.059705 0.010000 0.020956 -2.276394
135 1.399356 1.676160 0.010000 2.452925 1.402219
136 1.195976 1.821038 0.010000 3.841716 0.124864
137 1.466047 1.911173 0.010000 1.345663 2.732862
138 0.774972 2.090020 0.010000 0.055437 -1.899005
139 1.198221 2.492851 0.010000 -1.514433 0.192729
140 1.119060 1.863549 0.010000 3.553709 -1.611391
141 1.295981 2.519194 0.010000 -1.413836 0.553801
142 1.150471 2.288534 0.010000 -2.076067 -0.242198
143 1.135490 1.880441 0.010000 3.876728 -1.621965
144 1.278109 2.293520 0.010000 -1.979762 0.859896
145 1.017850 1.994810 0.010000 0.594359 -3.111586
146 1.004216 2.276816 0.010000 -1.482897 -1.202449
147 1.155355 2.106668 0.010000 -3.336363 -1.405677
148 1.696354 1.870398 0.010000 0.998836 2.110454
149 1.625089 2.081473 0.010000 0.095372 2.311177
150 0.890307 1.539486 0.010000 2.075299 -0.859380
151 1.215475 1.608605 0.010000 2.757868 0.289269
152 1.490592 1.507714 0.010000 2.110763 1.150819
153 1.214925 2.461119 0.010000 -1.580978 0.267356
154 1.130931 2.009604 0.010000 -0.237550 -5.104402
155 0.799304 2.002453 0.010000 0.486321 -2.034064
156 0.625128 1.877088 0.010000 0.885649 -1.603722
157 0.904057 2.216138 0.010000 -0.877825 -1.686562
158 1.294422 1.911963 0.010000 3.184150 3.078813
159 1.400188 2.093440 0.010000 -0.772593 2.926445
160 1.359602 1.758670 0.010000 2.692967 1.650304
161 1.215446 1.945905 0.010000 6.233315 1.837104
162 1.368062 2.113923 0.010000 -1.261044 2.797928
163 1.332843 1.998552 0.010000 0.542285 4.079785
164 1.212943 2.206511 0.010000 -2.602894 0.394470
165 1.008366 2.256156 0.010000 -1.502108 -1.297805
166 1.020984 2.244568 0.010000 -1.572853 -1.317264
167 1.120065 1.832792 0.010000 3.463769 -1.216855
168 1.133361 1.819869 0.010000 3.526494 -0.919650
169 1.402227 2.127468 0.010000 -1.042368 2.646963
170 1.015865 2.007840 0.010000 0.359865 -3.091216
171 1.382947 2.119857 0.010000 -1.157167 2.729468
172 1.074221 1.819531 0.010000 2.973741 -1.524095
173 1.131600 1.999429 0.010000 0.545108 -5.207083
174 1.166472 1.902089 0.010000 4.658947 -1.224149
175 1.232310 2.580573 0.010000 -1.351737 0.303051
176 1.393301 2.438673 0.010000 -1.369151 1.023642
177 0.835987 2.266373 0.010000 -0.743501 -1.499308
178 0.849429 1.720030 0.010000 1.817562 -1.449816
179 1.347607 1.821200 0.010000 2.764929 2.069794
180 1.531488 2.172188 0.010000 -0.566622 2.253406
181 1.082729 1.681788 0.010000 2.778640 -0.639753
182 0.730507 2.238769 0.010000 -0.383330 -1.536896
183 1.033231 2.168367 0.010000 -1.563976 -1.844389
184 1.058914 1.773049 0.010000 2.823370 -1.244348
185 1.352423 2.058317 0.010000 -0.750932 3.469586
186 1.280090 1.964743 0.010000 2.426176 4.575527
187 1.395078 1.731418 0.010000 2.486004 1.642489
188 1.060991 1.691946 0.010000 2.717344 -0.800574
189 1.051596 1.661038 0.010000 2.629697 -0.732422
190 1.476943 1.899118 0.010000 1.391578 2.647573
191 1.208100 1.855572 0.010000 4.212503 0.408209
192 1.212606 2.489506 0.010000 -1.520320 0.252028
193 1.349610 1.484210 0.010000 2.353387 0.737594
194 1.358377 1.737387 0.010000 2.686838 1.518839
195 1.671544 2.185838 0.010000 -0.228349 2.048109
196 0.980344 1.985665 0.010000 0.696304 -2.807873
197 1.540599 2.037616 0.010000 0.234802 2.601291
198 1.130329 2.143318 0.010000 -2.686149 -1.348887
199 0.784312 1.800691 0.010000 1.400515 -1.678156
200 1.178266 1.700369 0.010000 3.073431 0.013330
201 1.331407 2.240146 0.010000 -1.871176 1.497502
202 0.974429 2.056742 0.010000 -0.215342 -2.643730
203 1.363596 2.492887 0.010000 -1.362516 0.818193
204 1.164488 2.079281 0.010000 -3.878968 -1.761431
205 1.588696 2.079964 0.010000 0.047634 2.398916
206 1.120734 2.047426 0.010000 -1.889107 -3.793010
207 0.774293 2.251271 0.010000 -0.522421 -1.532202
208 1.323655 2.387841 0.010000 -1.611809 0.873306
209 0.806419 1.728393 0.010000 1.661556 -1.483189
210 0.885910 2.377157 0.010000 -1.051171 -1.091790
211 1.124569 2.083228 0.010000 -2.626608 -2.633699
212 0.848179 1.526038 0.010000 1.978029 -0.897139
213 1.271354 1.741637 0.010000 3.133044 0.927185
214 1.343862 2.118785 0.010000 -1.584660 2.724756
215 1.037501 1.650317 0.010000 2.565337 -0.759771
216 0.759045 2.363262 0.010000 -0.689656 -1.244097
217 1.290745 1.993123 0.010000 0.854248 4.874526
218 0.818905 2.439794 0.010000 -0.901034 -1.014040
219 0.963428 2.533503 0.010000 -1.192296 -0.550417
220 0.917256 2.124177 0.010000 -0.523330 -2.130076
221 1.090170 2.013882 0.010000 -0.032984 -4.016887
222 1.454138 1.476746 0.010000 2.167912 1.010085
223 1.426054 2.046094 0.010000 -0.088261 3.084965
224 1.417947 2.503316 0.010000 -1.252335 0.958801
225 0.788120 2.210144 0.010000 -0.445189 -1.652556
226 1.093711 1.941641 0.010000 2.454620 -3.359977
227 0.884303 2.224542 0.010000 -0.816932 -1.651547
228 1.003678 1.905386 0.010000 1.815199 -2.529001
229 1.339367 2.477466 0.010000 -1.424915 0.761864
230 1.414496 2.242114 0.010000 -1.361228 1.848919
231 1.129369 1.978444 0.010000 2.019080 -4.777468
232 1.436617 1.528201 0.010000 2.240032 1.072664
233 0.910413 1.474590 0.010000 2.099050 -0.681339
234 0.988994 1.765928 0.010000 2.371154 -1.486765
235 1.732818 1.884316 0.010000 0.906366 2.071639
236 1.469408 2.196861 0.010000 -0.944443 2.176751
237 1.202190 1.917794 0.010000 5.429843 0.331310
238 0.926887 1.671469 0.010000 2.163806 -1.183148
239 1.073438 1.786059 0.010000 2.941332 -1.244235
240 1.730560 2.139061 0.010000 0.015853 2.047169
241 1.278102 1.668073 0.010000 2.857447 0.754703
242 1.181728 2.285173 0.010000 -2.140134 0.030837
243 1.735873 1.877044 0.010000 0.926541 2.058968
244 1.269823 2.169677 0.010000 -2.553153 1.456398
245 1.396763 1.736091 0.010000 2.476092 1.673316
246 1.181568 2.542595 0.010000 -1.418233 0.134838
247 1.098567 2.131166 0.010000 -2.247378 -1.924596
248 1.076217 2.089862 0.010000 -1.624295 -2.726181
249 1.286345 1.782549 0.010000 3.217353 1.278996
250 1.102471 2.010069 0.010000 0.036200 -4.292582
251 1.742745 1.843985 0.010000 1.019909 2.008659
252 1.025384 2.337280 0.010000 -1.537848 -0.855033
253 1.383364 1.567520 0.010000 2.399706 1.005440
254 1.046317 2.556117 0.010000 -1.294573 -0.295929
255 0.789756 2.435233 0.010000 -0.830676 -1.054274
256 0.990576 2.050895 0.010000 -0.219383 -2.760130
257 0.995305 1.614406 0.010000 2.390527 -0.803596
258 1.103997 2.051048 0.010000 -1.513546 -3.586769
259 1.356197 2.119771 0.010000 -1.439653 2.729569
260 1.262202 2.282836 0.010000 -2.066628 0.764454
261 1.156893 2.381536 0.010000 -1.767857 -0.056231
262 1.074930 1.918389 0.010000 2.499828 -2.864769
263 1.455524 1.900147 0.010000 1.482742 2.714835
264 1.720924 1.734615 0.010000 1.339597 1.848044
265 1.749710 2.117659 0.010000 0.105225 2.044412
266 1.052644 1.924391 0.010000 2.086404 -2.891774
267 0.735156 1.977417 0.010000 0.600594 -1.870588
268 1.274152 1.534704 0.010000 2.534611 0.524245
269 1.058689 1.816967 0.010000 2.827890 -1.597252
270 1.225897 1.495316 0.010000 2.486775 0.301949
271 1.155787 2.209699 0.010000 -2.489165 -0.430229
272 1.680899 2.041043 0.010000 0.326895 2.228263
273 0.789434 2.153505 0.010000 -0.248072 -1.800806
274 1.267766 1.918337 0.010000 3.840842 2.972320
275 1.069487 1.439344 0.010000 2.315423 -0.222606
276 1.029005 1.793058 0.010000 2.604138 -1.538632
277 0.855719 2.107747 0.010000 -0.203261 -2.047102
278 0.794045 2.221304 0.010000 -0.495488 -1.626104
279 1.199439 2.064585 0.010000 -5.064478 0.151664
280 0.952174 2.152344 0.010000 -0.873127 -2.033741
281 1.312941 1.964310 0.010000 1.738178 4.118185
282 1.558559 2.070644 0.010000 0.047786 2.495250
283 1.571600 1.724407 0.010000 1.738554 1.870024
284 1.209236 1.784660 0.010000 3.543368 0.330529
285 1.271812 1.667892 0.010000 2.871325 0.712754
286 0.933703 1.480027 0.010000 2.146861 -0.643418
287 1.159824 2.046028 0.010000 -3.810415 -3.562386
288 1.237850 2.318190 0.010000 -1.980820 0.495102
289 1.136385 2.126476 0.010000 -2.857765 -1.488897
290 1.139029 1.969584 0.010000 2.918502 -4.648035
291 0.977820 2.210326 0.010000 -1.257711 -1.656776
292 1.539623 2.365306 0.010000 -0.966542 1.563436
293 0.870932 1.562321 0.010000 2.027546 -0.948480
294 1.436232 2.475327 0.010000 -1.238280 1.063904
295 1.006877 2.015661 0.010000 0.240316 -3.002311
296 1.470976 2.509409 0.010000 -1.143695 1.074350
297 1.294558 1.576176 0.010000 2.594593 0.667319
298 1.422713 2.124689 0.010000 -0.867456 2.642492
299 1.228830 2.279965 0.010000 -2.151715 0.473070
300 1.183768 1.884768 0.010000 4.605141 -0.378273
301 1.193195 2.501877 0.010000 -1.495981 0.172935
302 1.655149 1.954086 0.010000 0.709859 2.280369
303 1.101134 1.841584 0.010000 3.276353 -1.532686
304 0.797201 1.781664 0.010000 1.495642 -1.636822
305 1.267747 2.061345 0.010000 -2.639895 3.667615
306 1.299665 1.453886 0.010000 2.367247 0.540770
307 1.696393 2.219018 0.010000 -0.275032 1.956568
308 1.414197 1.597101 0.010000 2.348581 1.182778
309 1.371608 2.476450 0.010000 -1.369714 0.873434
310 1.339395 2.033185 0.010000 -0.365224 3.834419
311 0.940573 1.532299 0.010000 2.191048 -0.737999
312 1.374335 1.792518 0.010000 2.579885 1.947609
313 1.110422 1.557611 0.010000 2.563120 -0.217753
314 0.633680 2.148695 0.010000 0.030644 -1.587595
315 1.675711 2.335313 0.010000 -0.567996 1.715173
316 1.273365 1.923652 0.010000 3.633765 3.211329
317 1.260973 1.750357 0.010000 3.210082 0.861908
318 0.733723 1.633350 0.010000 1.635015 -1.243424
319 1.672307 1.984111 0.010000 0.569167 2.256054
320 1.309257 2.173927 0.010000 -2.142360 1.859874
321 0.729434 1.810603 0.010000 1.241403 -1.642049
322 0.970979 1.697131 0.010000 2.330589 -1.184239
323 1.041412 1.499729 0.010000 2.360896 -0.389911
324 0.719541 2.173830 0.010000 -0.173113 -1.660454
325 1.266056 2.017779 0.010000 -0.905331 5.421300
326 1.390456 2.046160 0.010000 -0.252477 3.304741
327 1.695806 1.732578 0.010000 1.394479 1.858384
328 1.059865 2.355119 0.010000 -1.629065 -0.640158
329 1.267025 2.044412 0.010000 -2.254894 4.357529
330 1.314922 2.531903 0.010000 -1.373863 0.604865
331 0.619007 2.048368 0.010000 0.346338 -1.645780
332 1.069605 2.440220 0.010000 -1.501184 -0.392761
333 0.705324 2.102374 0.010000 0.096759 -1.748474
334 1.124719 2.047239 0.010000 -2.021401 -3.818216
335 0.915661 2.433623 0.010000 -1.142334 -0.876924
336 1.519931 2.050627 0.010000 0.111621 2.654318
337 1.021444 1.476279 0.010000 2.299481 -0.413512
338 0.910225 1.940245 0.010000 1.025093 -2.346361
339 1.456858 1.866571 0.010000 1.711749 2.532680
340 1.328424 1.870439 0.010000 2.851607 2.530964
341 0.987181 1.648576 0.010000 2.387273 -0.942918
342 1.220698 2.048333 0.010000 -5.169519 2.627900
343 0.715875 2.150292 0.010000 -0.088907 -1.696999
344 1.645463 2.100586 0.010000 0.039069 2.241321
345 1.690496 1.687162 0.010000 1.497033 1.763241
346 0.995990 2.327192 0.010000 -1.432590 -1.005006
347 1.298519 1.821299 0.010000 3.241626 1.711481
348 1.370345 2.274292 0.010000 -1.614270 1.513033
349 1.380927 1.766420 0.010000 2.556893 1.793235
350 0.745928 2.015302 0.010000 0.429333 -1.896926
351 1.493905 1.714996 0.010000 2.038673 1.786726
352 1.450462 2.039626 0.010000 0.061140 2.973904
353 1.103404 1.441060 0.010000 2.350320 -0.119771
354 1.702786 1.770257 0.010000 1.290529 1.930053
355 1.519182 2.464091 0.010000 -1.052599 1.267811
356 1.612381 1.856596 0.010000 1.202985 2.221541
357 1.259822 1.632358 0.010000 2.787127 0.572154
358 1.036694 2.078188 0.010000 -0.935244 -2.797705
359 1.716665 1.853175 0.010000 1.027479 2.056156
360 1.497447 2.470503 0.010000 -1.102197 1.212892
361 1.220716 2.091703 0.010000 -3.998960 1.216327
362 1.294213 2.133037 0.010000 -2.358471 2.224290
363 1.255839 2.080335 0.010000 -3.212592 2.780553
364 1.211027 1.900299 0.010000 4.938176 0.690865
365 1.172578 1.942275 0.010000 5.553036 -2.200439
366 1.220751 2.062280 0.010000 -4.736609 1.944767
367 1.609483 1.613662 0.010000 1.793471 1.570960
368 1.413568 2.282159 0.010000 -1.395574 1.634772
369 1.213765 2.197346 0.010000 -2.671900 0.421244
370 0.987017 1.974540 0.010000 0.862437 -2.831941
371 1.354425 1.978809 0.010000 0.986982 3.748783
372 1.177774 2.396418 0.010000 -1.740866 0.074360
373 1.496824 1.629936 0.010000 2.101696 1.484701
374 1.376798 2.209788 0.010000 -1.564596 1.939932
375 1.056111 1.789474 0.010000 2.812114 -1.380271
376 1.374990 1.657980 0.010000 2.531204 1.239237
377 1.408780 2.174077 0.010000 -1.237033 2.283324
378 1.582526 1.931543 0.010000 0.899642 2.433144
379 1.143581 2.060217 0.010000 -3.092642 -3.166032
380 1.466733 2.442812 0.010000 -1.184891 1.214912
381 1.075084 2.483952 0.010000 -1.436892 -0.299942
382 1.368137 2.453381 0.010000 -1.406825 0.907147
383 1.213868 1.546389 0.010000 2.598306 0.264151
384 1.423659 1.645348 0.010000 2.347356 1.365025
385 1.497077 2.146590 0.010000 -0.587268 2.403434
386 1.323294 1.731529 0.010000 2.864468 1.285874
387 1.248838 2.078693 0.010000 -3.448407 2.650443
388 1.120668 2.077055 0.010000 -2.462892 -2.850476
389 1.221398 2.284789 0.010000 -2.138880 0.398275
390 1.306337 2.510909 0.010000 -1.416594 0.598907
391 1.454867 1.950125 0.010000 1.032950 2.923438
392 1.130603 2.178282 0.010000 -2.513060 -0.972851
393 1.434639 1.736374 0.010000 2.278217 1.782691
394 1.014235 2.020378 0.010000 0.143275 -3.051900
395 1.240534 1.452499 0.010000 2.403453 0.340920
396 1.142173 2.393959 0.010000 -1.717411 -0.125479
397 1.109243 2.327635 0.010000 -1.837433 -0.447482
398 1.397796 2.056350 0.010000 -0.354399 3.199081
399 0.994865 2.294713 0.010000 -1.437018 -1.148258
400 1.227828 1.623250 0.010000 2.794647 0.369492
401 1.248361 1.674445 0.010000 2.938335 0.562214
402 0.999293 2.069967 0.010000 -0.509737 -2.696526
403 1.540460 2.312084 0.010000 -0.906141 1.733994
404 0.885935 2.420759 0.010000 -1.064050 -0.967445
405 1.617423 2.092254 0.010000 0.033231 2.311997
406 1.447036 2.082066 0.010000 -0.373860 2.830492
407 0.977784 1.809156 0.010000 2.202444 -1.782299
408 1.472278 1.743296 0.010000 2.085904 1.882116
409 0.660675 1.936698 0.010000 0.723719 -1.706045
410 1.427480 2.156374 0.010000 -1.024807 2.418153
411 1.415636 1.467249 0.010000 2.229162 0.899895
412 0.914568 2.348816 0.010000 -1.130266 -1.134026
413 1.486833 2.517082 0.010000 -1.108245 1.092116
414 1.227309 1.901600 0.010000 4.764305 1.383497
415 1.217880 1.943819 0.010000 6.050032 1.966311
416 1.443469 1.967284 0.010000 0.879995 3.027902
417 0.774167 2.203570 0.010000 -0.387829 -1.657186
418 1.192421 1.671246 0.010000 2.965508 0.143164
419 1.525744 2.015762 0.010000 0.380310 2.673517
420 1.080480 2.032520 0.010000 -0.554983 -3.677318
421 1.666223 2.170680 0.010000 -0.189987 2.084742
422 1.513616 1.917697 0.010000 1.130433 2.602273
423 1.213698 1.937355 0.010000 5.955817 1.392994
424 0.869685 2.034537 0.010000 0.244811 -2.240672
425 1.229132 2.114905 0.010000 -3.481578 1.209445
426 1.275332 1.895092 0.010000 3.696424 2.495285
427 1.136580 1.666445 0.010000 2.884319 -0.253338
428 0.656052 1.980604 0.010000 0.568310 -1.715677
429 1.176351 1.855863 0.010000 4.151531 -0.399108
430 0.958354 1.744064 0.010000 2.233220 -1.436445
431 1.661295 2.357321 0.010000 -0.633740 1.663636
432 1.203765 1.557176 0.010000 2.625082 0.218067
433 0.926975 1.917313 0.010000 1.267479 -2.334136
434 0.893217 1.689961 0.010000 2.022141 -1.306155
435 1.453409 1.750052 0.010000 2.164591 1.887639
436 1.511975 2.178314 0.010000 -0.670697 2.248231
437 1.116038 1.945724 0.010000 2.928117 -3.556162
438 1.103180 1.890618 0.010000 3.270682 -2.252490
439 0.608685 2.034881 0.010000 0.391797 -1.634316
440 1.356690 1.944828 0.010000 1.652403 3.472839
441 1.060922 2.170029 0.010000 -1.835599 -1.710441
442 1.119104 2.079420 0.010000 -2.442558 -2.797243
443 0.967377 1.632124 0.010000 2.311765 -0.945655
444 1.097726 1.487559 0.010000 2.418537 -0.182907
445 1.104444 2.374242 0.010000 -1.704791 -0.362951
446 0.968336 1.864570 0.010000 1.877802 -2.156845
447 1.033461 1.812145 0.010000 2.612050 -1.672400
448 1.376272 2.547324 0.010000 -1.275200 0.771724
449 1.356276 1.972509 0.010000 1.115097 3.696563
450 1.530344 1.745175 0.010000 1.837294 1.933612
451 1.088438 1.925535 0.010000 2.643753 -3.011723
452 0.824686 1.612412 0.010000 1.883152 -1.139354
453 1.047092 1.530189 0.010000 2.413189 -0.422681
454 0.919647 2.037583 0.010000 0.146699 -2.435488
455 0.952756 1.934834 0.010000 1.212805 -2.504429
456 1.030798 2.007885 0.010000 0.340049 -3.232466
457 0.954133 2.351014 0.010000 -1.269399 -1.039373
458 1.542129 2.012441 0.010000 0.412166 2.615403
459 1.401346 2.100806 0.010000 -0.834231 2.864949
460 0.934031 2.004899 0.010000 0.449502 -2.541504
461 1.671875 2.111707 0.010000 0.032162 2.176245
462 1.259424 1.907663 0.010000 4.088819 2.509614
463 1.160114 1.843345 0.010000 3.908659 -0.667884
464 0.957202 1.785056 0.010000 2.146182 -1.659508
465 1.284654 2.392465 0.010000 -1.681735 0.670599
466 0.643933 2.090888 0.010000 0.196089 -1.659362
467 1.325410 2.207309 0.010000 -1.958266 1.687108
468 1.388710 2.305862 0.010000 -1.507646 1.438668
469 0.742476 1.733365 0.010000 1.478525 -1.479072
470 1.112349 2.263638 0.010000 -2.046021 -0.646469
471 1.192449 1.807607 0.010000 3.720472 0.073603
472 0.855006 1.754226 0.010000 1.760773 -1.569754
473 0.854077 1.669778 0.010000 1.912077 -1.279215
474 0.982120 1.913173 0.010000 1.581019 -2.512676
475 1.687339 2.251749 0.010000 -0.376379 1.896502
476 0.976123 2.229083 0.010000 -1.287092 -1.546483
477 1.647289 1.806667 0.010000 1.303800 2.059648
478 0.984515 2.305265 0.010000 -1.390081 -1.134198
479 0.944355 2.358581 0.010000 -1.235246 -1.037114
480 1.522363 2.120790 0.010000 -0.345737 2.457088
481 0.682225 2.006116 0.010000 0.476789 -1.765165
482 1.244967 2.511229 0.010000 -1.466514 0.372971
483 1.266298 2.564206 0.010000 -1.363500 0.418974
484 1.185394 2.051030 0.010000 -5.401409 -1.489062
485 1.377759 2.008207 0.010000 0.345379 3.548929
486 1.035256 1.708054 0.010000 2.627262 -1.000407
487 0.960934 1.639592 0.010000 2.292039 -0.988697
488 1.101168 2.551436 0.010000 -1.359812 -0.133329
489 1.496481 2.436272 0.010000 -1.110514 1.294471
490 1.288690 2.066177 0.010000 -2.042411 3.607305
491 1.189039 2.109615 0.010000 -3.739732 -0.223969
492 0.752728 1.660423 0.010000 1.641152 -1.303061
493 1.432962 1.926169 0.010000 1.364280 2.927078
494 1.302282 1.944511 0.010000 2.476936 3.844063
495 1.585967 1.947645 0.010000 0.804583 2.445440
496 1.071385 2.118665 0.010000 -1.792451 -2.284668
497 1.210192 2.154116 0.010000 -3.090626 0.437453
498 1.058786 2.301392 0.010000 -1.719753 -0.840042
499 1.360326 2.343765 0.010000 -1.581032 1.170558
500 2.800000 2.000000 10.000000 -0.500000 -0.200000
501 2.751284 1.947342 0.010000 -4.375876 3.385743
502 2.878054 1.972863 0.010000 -2.115557 -4.846750
503 2.864004 1.819046 0.010000 -3.543241 -1.276399
504 2.669690 2.457740 0.010000 1.471620 0.361285
505 2.598998 1.536419 0.010000 -2.325328 0.591433
506 2.855142 1.737195 0.010000 -3.170945 -0.760423
507 2.918628 1.676674 0.010000 -2.762341 -1.030054
508 2.464672 2.140346 0.010000 0.405600 1.963736
509 2.770844 2.188632 0.010000 2.699021 0.294462
510 2.521239 2.181154 0.010000 0.836497 1.856618
511 3.246220 1.799903 0.010000 -1.327471 -2.045269
512 2.865510 2.096688 0.010000 2.925885 -2.521184
513 2.648802 2.054164 0.010000 0.690089 3.122117
514 2.566146 1.672091 0.010000 -2.314286 1.093890
515 3.318993 2.176137 0.010000 0.113923 -2.008946
516 2.741161 2.026626 0.010000 1.794248 4.869928
517 3.201003 1.771333 0.010000 -1.531081 -2.008163
518 2.270864 1.907803 0.010000 -0.831237 1.701033
519 2.751709 1.677554 0.010000 -2.949409 0.166838
520 2.912014 1.782370 0.010000 -3.041612 -1.508171
521 2.382663 1.864289 0.010000 -1.160175 1.830161
522 3.078238 1.762004 0.010000 -2.019199 -1.976072
523 2.398545 1.663821 0.010000 -1.754746 1.298381
524 3.166122 1.553966 0.010000 -1.938990 -1.381179
525 3.003443 2.210337 0.010000 1.379139 -2.017548
526 3.122316 2.169927 0.010000 0.592622 -2.272477
527 2.690823 1.973892 0.010000 -1.481683 3.905217
528 2.813180 1.766293 0.010000 -3.418398 -0.364586
529 2.465593 1.892065 0.010000 -1.232797 2.070378
530 2.452926 2.025187 0.010000 -0.326478 2.191073
531 2.766396 1.871282 0.010000 -4.251631 0.779416
532 2.576926 2.043562 0.010000 0.068543 2.711390
533 2.865269 1.870806 0.010000 -3.817820 -1.876163
534 2.653767 2.242534 0.010000 1.775776 1.172147
535 2.640912 1.816436 0.010000 -2.668389 1.679261
536 2.757896 1.820170 0.010000 -3.704057 0.550176
537 2.622786 2.064448 0.010000 0.613062 2.860598
538 2.858609 2.136852 0.010000 2.869286 -1.642945
539 2.834594 1.607229 0.010000 -2.743510 -0.397601
540 2.674467 2.218902 0.010000 1.942189 1.200516
541 2.782860 1.925686 0.010000 -5.489951 0.950919
542 3.319071 1.914343 0.010000 -0.817457 -2.123759
543 3.015528 2.194999 0.010000 1.259923 -2.145204
544 2.788746 1.571323 0.010000 -2.658865 -0.143322
545 2.681219 2.111357 0.010000 1.897088 2.356901
546 2.782570 2.091778 0.010000 4.045747 0.663319
547 2.724017 2.217527 0.010000 2.281379 0.771548
548 2.410629 1.612736 0.010000 -1.845757 1.153079
549 2.945795 1.718472 0.010000 -2.730315 -1.355014
550 3.156600 2.337645 0.010000 0.887508 -1.665404
551 2.835942 2.085116 0.010000 3.786109 -2.009905
552 2.800611 1.777041 0.010000 -3.495025 -0.208213
553 2.287599 2.051308 0.010000 -0.303648 1.760923
554 2.945182 1.787113 0.010000 -2.801674 -1.769672
555 2.795761 2.060031 0.010000 5.250512 0.206080
556 2.872368 2.214140 0.010000 2.318000 -1.152339
557 2.848703 1.631289 0.010000 -2.798994 -0.503676
558 2.881538 1.848288 0.010000 -3.501595 -1.813220
559 2.967206 1.900852 0.010000 -2.135994 -2.958993
560 2.877110 1.870161 0.010000 -3.629039 -2.058292
561 2.926295 1.896510 0.010000 -2.718246 -2.907063
562 3.086947 2.265130 0.010000 1.035461 -1.861809
563 2.462604 1.942407 0.010000 -0.906746 2.182812
564 2.988546 1.892451 0.010000 -2.003983 -2.836655
565 2.712527 1.861333 0.010000 -3.454035 1.663449
566 3.022016 2.380273 0.010000 1.340472 -1.274531
567 2.774611 2.050976 0.010000 4.804622 2.441982
568 2.488224 2.503608 0.010000 1.062390 0.767252
569 2.943388 2.477693 0.010000 1.417965 -0.775713
570 2.596951 1.912408 0.010000 -1.691211 2.561381
571 2.539625 1.963156 0.010000 -0.886392 2.530599
572 2.530663 1.555925 0.010000 -2.177862 0.817644
573 2.889647 2.264450 0.010000 2.034612 -1.059220
574 2.893451 2.102822 0.010000 2.307639 -2.751746
575 2.950270 1.890986 0.010000 -2.427361 -2.856759
576 3.031864 2.082405 0.010000 0.454717 -2.886303
577 2.952882 1.478633 0.010000 -2.341091 -0.739867
578 3.306377 2.053264 0.010000 -0.292675 -2.171033
579 2.933503 1.831570 0.010000 -2.890621 -2.094887
580 2.958908 1.639240 0.010000 -2.561323 -1.107973
581 2.436387 2.016724 0.010000 -0.392302 2.141569
582 3.007065 2.034082 0.010000 0.001389 -3.246175
583 2.699485 2.070629 0.010000 1.819777 3.101346
584 2.548170 2.296677 0.010000 1.228334 1.267073
585 2.887465 1.768347 0.010000 -3.158807 -1.203885
586 2.602552 2.361907 0.010000 1.433516 0.854880
587 2.475043 1.928286 0.010000 -1.028314 2.193935
588 3.080503 1.764884 0.010000 -2.001626 -1.991505
589 2.865093 1.858715 0.010000 -3.756640 -1.700399
590 2.978208 2.100597 0.010000 1.036780 -2.922417
591 2.811173 2.420135 0.010000 1.680671 -0.257993
592 2.786137 1.573977 0.010000 -2.664979 -0.129549
593 2.644766 1.941629 0.010000 -1.722231 3.050470
594 2.923225 1.919648 0.010000 -2.513980 -3.288583
595 2.765398 1.720316 0.010000 -3.143828 0.127086
596 2.944832 1.937430 0.010000 -1.912033 -3.468463
597 2.661624 1.665446 0.010000 -2.671918 0.698334
598 3.094409 1.857838 0.010000 -1.575486 -2.427273
599 2.644892 1.792469 0.010000 -2.725469 1.463311
600 2.368014 2.372933 0.010000 0.723323 1.217035
601 2.696120 1.625942 0.010000 -2.686989 0.407350
602 3.263307 2.085006 0.010000 -0.128143 -2.226732
603 2.743822 1.830013 0.010000 -3.673540 0.848801
604 2.682070 2.412290 0.010000 1.576339 0.393908
605 2.388362 1.921713 0.010000 -0.908187 1.946268
606 3.304275 1.883897 0.010000 -0.941094 -2.115831
607 2.913654 2.122669 0.010000 2.036822 -2.550393
608 3.265048 2.140705 0.010000 0.087554 -2.141937
609 2.703136 1.882571 0.010000 -3.296176 2.106486
610 2.994960 1.971805 0.010000 -0.956064 -3.353555
611 2.803070 2.423780 0.010000 1.672339 -0.215735
612 2.894081 1.921873 0.010000 -3.083581 -3.311198
613 2.487979 1.641301 0.010000 -2.047505 1.146125
614 3.144345 1.716464 0.010000 -1.845983 -1.834647
615 3.288279 1.745414 0.010000 -1.381088 -1.889870
616 2.724885 1.784028 0.010000 -3.293330 0.771514
617 2.871892 2.119170 0.010000 2.745894 -2.158164
618 2.878048 1.899287 0.010000 -3.631616 -2.626859
619 3.110802 2.139819 0.010000 0.493858 -2.409237
620 2.686396 1.882740 0.010000 -3.013742 2.235369
621 2.653411 1.792444 0.010000 -2.791600 1.418470
622 2.940373 1.567899 0.010000 -2.495459 -0.848250
623 2.260024 2.102430 0.010000 -0.144479 1.674189
624 3.025242 2.110038 0.010000 0.739848 -2.737907
625 2.703350 2.317993 0.010000 1.847073 0.513367
626 2.806737 1.683348 0.010000 -3.012330 -0.253455
627 3.254013 2.211629 0.010000 0.344199 -2.011086
628 3.215357 1.900803 0.010000 -1.002704 -2.304925
629 3.011396 1.590653 0.010000 -2.351255 -1.156028
630 2.763044 2.530257 0.010000 1.435055 -0.065136
631 2.236851 1.959602 0.010000 -0.634670 1.677290
632 2.457311 1.955634 0.010000 -0.808886 2.185894
633 2.730736 2.187811 0.010000 2.465635 0.893714
634 2.916806 1.848871 0.010000 -3.060290 -2.178819
635 2.741535 2.107831 0.010000 3.049766 1.724646
636 2.392295 1.966860 0.010000 -0.679144 2.003926
637 3.268564 1.715143 0.010000 -1.492079 -1.831881
638 2.925257 1.942860 0.010000 -2.081898 -3.667652
639 2.893392 1.816977 0.010000 -3.278979 -1.618045
640 2.773750 1.723863 0.010000 -3.173145 0.054112
641 2.787818 2.052265 0.010000 5.445355 1.185802
642 2.926706 2.126037 0.010000 1.859194 -2.571720
643 2.760918 1.921447 0.010000 -4.774582 1.926715
644 2.726580 2.009659 0.010000 0.177884 4.952499
645 2.889769 1.706015 0.010000 -2.939583 -0.944936
646 2.972149 2.269511 0.010000 1.607540 -1.546181
647 2.977968 2.347754 0.010000 1.514234 -1.230810
648 2.661531 1.913485 0.010000 -2.354511 2.768185
649 2.321401 2.050668 0.010000 -0.285383 1.827210
650 2.633104 1.515210 0.010000 -2.367480 0.442907
651 2.671088 1.425180 0.010000 -2.297901 0.203207
652 2.517581 1.938693 0.010000 -1.058067 2.370810
653 2.735896 1.434745 0.010000 -2.363075 0.011286
654 2.517357 2.274437 0.010000 1.069579 1.416510
655 2.492298 2.357800 0.010000 1.060858 1.142312
656 2.858515 2.018748 0.010000 1.240790 -5.633143
657 2.923789 1.901492 0.010000 -2.713965 -2.982174
658 2.920221 2.027419 0.010000 0.395525 -4.126526
659 3.070921 2.483639 0.010000 1.157140 -1.128282
660 2.871537 2.403596 0.010000 1.675031 -0.585523
661 2.928203 1.498933 0.010000 -2.405078 -0.687435
662 2.757530 1.856934 0.010000 -4.009439 0.841802
663 3.097445 2.026961 0.010000 -0.266399 -2.777191
664 2.463229 1.526435 0.010000 -2.011879 0.875158
665 2.572578 1.934352 0.010000 -1.306154 2.592731
666 3.079165 1.718069 0.010000 -2.095390 -1.779735
667 2.503723 2.107724 0.010000 0.360675 2.167137
668 2.817238 2.257792 0.010000 2.276051 -0.385624
669 2.830634 1.957967 0.010000 -5.511377 -3.852264
670 2.625353 1.915368 0.010000 -1.899927 2.688882
671 2.725017 1.633115 0.010000 -2.764235 0.262757
672 3.237835 2.179357 0.010000 0.279363 -2.102527
673 3.190531 1.730260 0.010000 -1.666614 -1.889029
674 2.806913 2.427826 0.010000 1.661704 -0.234928
675 2.546703 2.279009 0.010000 1.205705 1.348520
676 2.907194 2.532546 0.010000 1.381048 -0.578629
677 2.517383 1.980185 0.010000 -0.685833 2.450445
678 2.535336 1.985641 0.010000 -0.648808 2.542902
679 2.958313 1.765232 0.010000 -2.703479 -1.685885
680 2.993147 2.466276 0.010000 1.339127 -0.961828
681 2.955032 1.860119 0.010000 -2.573225 -2.497784
682 2.858546 1.584420 0.010000 -2.661656 -0.504528
683 2.886491 1.937521 0.010000 -3.035253 -3.709583
684 2.698890 2.244968 0.010000 2.039338 0.848106
685 2.815744 2.221212 0.010000 2.495468 -0.413197
686 2.842760 2.174840 0.010000 2.737968 -0.991906
687 3.188811 2.280431 0.010000 0.694832 -1.856604
688 3.059988 2.279299 0.010000 1.175749 -1.759890
689 2.324937 2.230261 0.010000 0.348941 1.551489
690 2.858380 2.370936 0.010000 1.779794 -0.558808
691 3.045691 2.100287 0.010000 0.537485 -2.741704
692 2.998649 2.433847 0.010000 1.361450 -1.052316
693 2.692007 2.061098 0.010000 1.476951 3.294345
694 2.497974 1.694731 0.010000 -2.034127 1.317830
695 2.465704 1.912443 0.010000 -1.109533 2.127223
696 2.908890 1.872117 0.010000 -3.127315 -2.437112
697 2.628710 2.083116 0.010000 0.914923 2.715947
698 2.202484 2.032905 0.010000 -0.399476 1.625383
699 2.929749 2.059137 0.010000 1.053240 -3.607879
700 3.373005 2.160092 0.010000 -0.006638 -1.965850
701 3.232466 1.701792 0.010000 -1.607659 -1.806344
702 2.847407 2.063823 0.010000 3.526345 -3.190733
703 2.280690 2.233436 0.010000 0.268419 1.509452
704 2.596650 2.250817 0.010000 1.433223 1.367366
705 2.269146 1.825439 0.010000 -1.090956 1.597151
706 3.378217 1.844510 0.010000 -0.974614 -1.964933
707 2.816823 2.078191 0.010000 4.388736 -1.251820
708 2.483883 1.943162 0.010000 -0.941590 2.255998
709 2.819499 2.155384 0.010000 3.045866 -0.644978
710 2.886663 2.015075 0.010000 0.317158 -4.897751
711 2.212841 2.024373 0.010000 -0.423488 1.643217
712 2.282008 2.122198 0.010000 -0.054905 1.686743
713 2.685628 2.164309 0.010000 2.094139 1.605732
714 2.780098 1.519895 0.010000 -2.538392 -0.115503
715 2.319026 1.953973 0.010000 -0.693811 1.825279
716 2.980277 1.761640 0.010000 -2.563261 -1.760491
717 3.076909 2.146152 0.010000 0.679699 -2.435130
718 2.640387 2.038320 0.010000 0.314867 3.194128
719 2.933430 1.825403 0.010000 -2.897032 -2.031861
720 2.452536 1.957011 0.010000 -0.793465 2.171985
721 2.748509 2.086995 0.010000 3.327715 2.065554
722 3.020254 2.553191 0.010000 1.202739 -0.877950
723 2.971762 1.505765 0.010000 -2.346753 -0.841803
724 3.053413 1.946911 0.010000 -1.069882 -2.920257
725 2.843681 1.787990 0.010000 -3.477119 -0.813378
726 2.846562 1.980479 0.010000 -2.933457 -6.004437
727 2.594052 1.986608 0.010000 -0.701993 2.906430
728 3.067775 2.504315 0.010000 1.152975 -1.077677
729 2.415529 2.005740 0.010000 -0.465953 2.080399
730 2.961847 1.814569 0.010000 -2.647611 -2.074463
731 3.046510 2.417216 0.010000 1.249048 -1.233417
732 3.127395 1.948787 0.010000 -0.879678 -2.627197
733 2.531826 2.183177 0.010000 0.899703 1.849187
734 3.116215 1.556579 0.010000 -2.060224 -1.312639
735 2.357745 1.906881 0.010000 -0.933426 1.858493
736 2.770282 2.101367 0.010000 3.675503 1.024132
737 3.241328 2.242122 0.010000 0.458745 -1.947550
738 2.795334 1.911716 0.010000 -5.249688 0.051047
739 3.046227 2.197975 0.010000 1.076542 -2.160794
740 2.698019 1.938315 0.010000 -2.620100 3.305103
741 3.172817 2.390856 0.010000 0.892392 -1.528130
742 2.968950 2.165849 0.010000 1.536084 -2.274157
743 3.179665 2.094861 0.010000 0.047994 -2.393263
744 3.064465 1.563514 0.010000 -2.193079 -1.225831
745 2.356479 1.710603 0.010000 -1.561952 1.427511
746 2.509144 1.966017 0.010000 -0.803277 2.395733
747 2.724515 1.462280 0.010000 -2.400556 0.066800
748 2.568748 2.271997 0.010000 1.303222 1.333098
749 2.555439 2.523093 0.010000 1.185909 0.588210
750 2.960290 1.922220 0.010000 -1.962681 -3.214318
751 2.529493 2.349453 0.010000 1.182254 1.102209
752 2.521789 2.299823 0.010000 1.120941 1.304100
753 2.920802 2.080203 0.010000 1.554202 -3.294057
754 2.705228 2.162039 0.010000 2.317552 1.447909
755 2.267891 1.865345 0.010000 -0.968294 1.650532
756 2.740798 2.011343 0.010000 0.583935 5.457240
757 2.634526 1.539071 0.010000 -2.402005 0.482822
758 2.839393 1.858335 0.010000 -4.053232 -1.188061
759 2.757657 2.389908 0.010000 1.744994 0.043799
760 2.424666 2.142326 0.010000 0.291432 1.887113
761 2.514351 2.061203 0.010000 0.048174 2.358459
762 3.284943 1.846889 0.010000 -1.097082 -2.091118
763 2.600811 1.615749 0.010000 -2.408461 0.789313
764 2.825144 1.954021 0.010000 -5.920172 -3.164102
765 2.350936 1.677166 0.010000 -1.610020 1.344043
766 2.827286 1.882611 0.010000 -4.467908 -1.122317
767 2.898922 1.733023 0.010000 -2.985278 -1.120857
768 3.215274 1.892161 0.010000 -1.042668 -2.289736
769 2.341658 1.978944 0.010000 -0.595811 1.885611
770 3.215276 2.174652 0.010000 0.316835 -2.142219
771 2.590894 2.114937 0.010000 0.894553 2.337126
772 2.699328 2.212693 0.010000 2.135082 1.047238
773 2.853491 1.977123 0.010000 -2.805605 -5.590887
774 2.617206 2.308829 0.010000 1.531534 1.002455
775 2.769690 1.580726 0.010000 -2.675545 -0.042728
776 3.016636 1.900353 0.010000 -1.710232 -2.831096
777 2.687529 2.428490 0.010000 1.555147 0.339440
778 3.268975 2.115346 0.010000 -0.013972 -2.176102
779 2.245290 1.987826 0.010000 -0.541658 1.698126
780 2.489839 2.273473 0.010000 0.954478 1.449602
781 2.416016 2.366856 0.010000 0.840581 1.203168
782 2.791392 2.529789 0.010000 1.442573 -0.168438
783 3.241303 1.718197 0.010000 -1.551855 -1.847205
784 2.378016 1.871646 0.010000 -1.119668 1.837256
785 2.632242 2.536482 0.010000 1.300322 0.362962
786 2.723112 1.512321 0.010000 -2.488156 0.113453
787 2.848920 2.014047 0.010000 1.230060 -6.225111
788 2.846403 1.882451 0.010000 -4.200288 -1.660695
789 2.673779 1.728659 0.010000 -2.843976 0.890357
790 2.840559 2.172996 0.010000 2.766393 -0.965804
791 2.813457 1.548866 0.010000 -2.604129 -0.262766
792 2.700375 2.015691 0.010000 0.192852 4.198945
793 2.431507 2.118493 0.010000 0.195846 1.963964
794 2.844330 1.926575 0.010000 -4.633915 -2.695804
795 2.825213 1.644365 0.010000 -2.862544 -0.367495
796 3.071183 2.347605 0.010000 1.179305 -1.510108
797 2.726912 1.428391 0.010000 -2.347920 0.036282
798 3.039014 1.817915 0.010000 -2.063460 -2.252271
799 2.655901 2.336419 0.010000 1.648854 0.720423
800 2.381867 2.011844 0.010000 -0.438088 1.985731
801 3.075978 1.800073 0.010000 -1.921232 -2.161859
802 2.537789 1.938116 0.010000 -1.125841 2.451761
803 2.517779 1.645069 0.010000 -2.143815 1.107065
804 3.060888 2.168319 0.010000 0.875979 -2.332710
805 2.300130 2.274486 0.010000 0.401385 1.441521
806 2.679734 2.534853 0.010000 1.363510 0.219024
807 2.898352 1.641417 0.010000 -2.736631 -0.813462
808 2.280492 2.030840 0.010000 -0.383829 1.756920
809 2.588586 1.795777 0.010000 -2.312269 1.676086
810 2.408289 1.824593 0.010000 -1.382238 1.770172
811 2.234389 2.090785 0.010000 -0.203880 1.644892
812 2.620870 1.936979 0.010000 -1.577055 2.861409
813 2.752748 1.949623 0.010000 -4.424771 3.481369
814 2.508853 1.853559 0.010000 -1.613139 2.013086
815 2.428921 2.390864 0.010000 0.897045 1.126325
816 2.846584 2.038187 0.010000 3.153015 -4.656294
817 2.663983 1.980852 0.010000 -1.031932 3.578560
818 3.248331 1.861218 0.010000 -1.110444 -2.172016
819 2.980262 1.532458 0.010000 -2.364076 -0.918699
820 2.928507 2.177349 0.010000 1.947024 -1.973118
821 2.527143 1.493731 0.010000 -2.141581 0.684742
822 2.876789 2.062910 0.010000 2.344582 -3.672143
823 3.083225 1.783115 0.010000 -1.939585 -2.079921
824 2.760838 2.567794 0.010000 1.370139 -0.071012
825 2.507213 2.239792 0.010000 0.956590 1.578500
826 2.438061 2.111765 0.010000 0.177959 1.995489
827 2.953190 1.938650 0.010000 -1.794294 -3.431818
828 2.759806 2.531031 0.010000 1.432389 -0.053738
829 2.610287 1.905236 0.010000 -1.872331 2.547331
830 2.238377 2.151155 0.010000 -0.018063 1.590663
831 3.275945 2.150198 0.010000 0.102450 -2.109034
832 2.651483 1.943770 0.010000 -1.756568 3.118899
833 2.526644 2.093023 0.010000 0.347855 2.291495
834 2.900988 1.744522 0.010000 -3.009272 -1.191894
835 3.021300 2.373693 0.010000 1.346456 -1.293467
836 3.050091 2.302647 0.010000 1.239858 -1.637721
837 2.608844 2.081353 0.010000 0.715018 2.654961
838 2.682454 2.529073 0.010000 1.375269 0.216634
839 2.646872 1.981084 0.010000 -0.941392 3.373184
840 2.776237 1.944561 0.010000 -5.792581 2.068578
841 2.882942 2.500132 0.010000 1.459456 -0.524956
842 2.236470 2.085781 0.010000 -0.218117 1.651805
843 2.820589 1.865738 0.010000 -4.292869 -0.781625
844 2.652842 1.468786 0.010000 -2.335679 0.308523
845 3.038134 2.375955 0.010000 1.290893 -1.334373
846 2.669802 1.858704 0.010000 -2.872653 1.986288
847 3.271646 2.098671 0.010000 -0.082818 -2.194134
848 3.002851 2.445942 0.010000 1.339153 -1.036595
849 3.134419 1.975100 0.010000 -0.681333 -2.635393
850 2.968006 2.568472 0.010000 1.261511 -0.720597
851 3.050297 1.469608 0.010000 -2.170040 -0.988109
852 2.712774 2.087420 0.010000 2.348779 2.642462
853 3.242571 1.749846 0.010000 -1.475988 -1.926715
854 2.781947 1.919712 0.010000 -5.309766 0.881482
855 3.192601 2.388713 0.010000 0.838659 -1.552049
856 2.716954 1.913005 0.010000 -3.449695 2.615784
857 3.258724 1.888615 0.010000 -0.985685 -2.200231
858 2.993627 2.324187 0.010000 1.475818 -1.380096
859 2.800064 1.919790 0.010000 -5.493445 -0.203974
860 3.105478 2.513290 0.010000 1.072441 -1.135818
861 2.878031 1.566687 0.010000 -2.597583 -0.577733
862 2.960312 2.077459 0.010000 0.958127 -3.217779
863 2.748631 2.019332 0.010000 1.626177 5.449610
864 2.899618 2.395235 0.010000 1.647957 -0.741389
865 2.821392 1.938171 0.010000 -5.725038 -2.007796
866 3.328644 2.183502 0.010000 0.119946 -1.985982
867 2.892488 1.759322 0.010000 -3.099763 -1.199037
868 2.583260 2.073892 0.010000 0.453653 2.597244
869 2.841465 2.116096 0.010000 3.293158 -1.554760
870 2.576353 1.885216 0.010000 -1.787931 2.309426
871 2.966479 1.536302 0.010000 -2.396296 -0.880815
872 2.639862 2.170460 0.010000 1.631289 1.802235
873 3.231982 1.718317 0.010000 -1.575651 -1.849589
874 2.816102 1.869249 0.010000 -4.367144 -0.676242
875 3.108032 1.952513 0.010000 -0.885959 -2.703608
876 3.168909 1.986101 0.010000 -0.587628 -2.525914
877 2.424240 1.554084 0.010000 -1.916196 0.993387
878 2.547839 2.240926 0.010000 1.154310 1.531453
879 2.688586 2.427413 0.010000 1.559104 0.336745
880 2.731954 2.338206 0.010000 1.860472 0.274917
881 2.858314 1.997480 0.010000 -0.752695 -6.048186
882 2.753559 1.831351 0.010000 -3.759992 0.697700
883 2.686379 2.207309 0.010000 2.050657 1.197946
884 3.033369 1.879176 0.010000 -1.768384 -2.649854
885 2.725312 1.616636 0.010000 -2.721135 0.232729
886 2.849198 1.904287 0.010000 -4.334111 -2.170805
887 2.739137 2.196249 0.010000 2.479882 0.724159
888 3.159452 2.163266 0.010000 0.430799 -2.249283
889 2.579658 2.010867 0.010000 -0.351681 2.807288
890 2.841820 2.043068 0.010000 3.640952 -4.221008
891 2.852212 2.214703 0.010000 2.423351 -0.910912
892 2.387359 2.369021 0.010000 0.767059 1.216834
893 2.442670 1.745177 0.010000 -1.739449 1.538037
894 3.237532 1.601550 0.010000 -1.737812 -1.559224
895 2.788293 2.538456 0.010000 1.426574 -0.158114
896 2.605953 1.894690 0.010000 -1.935622 2.445318
897 2.837349 2.239226 0.010000 2.339665 -0.643337
898 3.214919 2.105441 0.010000 0.032347 -2.294836
899 2.464259 2.214497 0.010000 0.706257 1.688093
900 2.584330 2.322042 0.010000 1.387435 1.064006
901 2.752458 1.906746 0.010000 -4.394279 1.785353
902 3.059047 1.741204 0.010000 -2.151766 -1.853365
903 2.961442 1.842341 0.010000 -2.580020 -2.329935
904 2.746466 1.946601 0.010000 -4.132072 3.441231
905 3.255574 2.011535 0.010000 -0.446973 -2.294241
906 2.645604 1.844900 0.010000 -2.642473 1.932747
907 3.090214 1.667392 0.010000 -2.103868 -1.599441
908 2.972706 1.723150 0.010000 -2.600530 -1.510363
909 2.446231 2.350364 0.010000 0.910319 1.224026
910 2.927669 2.155006 0.010000 1.935972 -2.206361
911 2.512915 2.093813 0.010000 0.299310 2.246034
912 2.702322 2.028587 0.010000 0.745139 4.054494
913 2.939770 2.490860 0.010000 1.403894 -0.742124
914 2.886932 1.768696 0.010000 -3.163101 -1.200882
915 2.799713 1.764593 0.010000 -3.414773 -0.196448
916 2.922826 1.785711 0.010000 -2.968794 -1.615066
917 2.764276 2.238706 0.010000 2.346878 0.226054
918 2.477491 2.030089 0.010000 -0.269175 2.274123
919 3.261478 2.036724 0.010000 -0.335114 -2.271968
920 2.571328 2.553495 0.010000 1.188993 0.497793
921 2.996908 1.816979 0.010000 -2.356953 -2.197845
922 2.926248 2.168534 0.010000 1.966549 -2.047672
923 2.610462 2.481094 0.010000 1.329798 0.520890
924 3.096786 1.919915 0.010000 -1.164519 -2.662634
925 2.990105 2.231229 0.010000 1.496650 -1.841542
926 2.705277 2.257764 0.010000 2.033056 0.730848
927 2.794437 2.198994 0.010000 2.668406 -0.111426
928 3.169215 1.693842 0.010000 -1.803440 -1.771896
929 2.832051 1.566753 0.010000 -2.639781 -0.358296
930 2.716480 2.003975 0.010000 -0.267478 4.685192
931 2.753862 1.614791 0.010000 -2.754380 0.070016
932 2.388137 2.002374 0.010000 -0.487299 2.003575
933 2.630850 2.319413 0.010000 1.578834 0.900876
934 2.922879 2.003029 0.010000 -0.400600 -4.232544
935 2.530812 1.520375 0.010000 -2.162916 0.733306
936 2.712381 1.953845 0.010000 -2.594445 3.776020
937 2.849767 1.574401 0.010000 -2.645808 -0.450920
938 2.679448 1.824475 0.010000 -3.026268 1.535069
939 3.113892 1.988874 0.010000 -0.589388 -2.721830
940 2.376967 1.731846 0.010000 -1.569847 1.487762
941 2.887509 1.534123 0.010000 -2.518762 -0.579200
942 3.121222 1.894342 0.010000 -1.259885 -2.510207
943 2.405312 2.034400 0.010000 -0.304914 2.038324
944 2.309830 2.041823 0.010000 -0.328584 1.808995
945 2.210584 2.009910 0.010000 -0.469034 1.641670
946 2.800233 2.482794 0.010000 1.535326 -0.200982
947 2.771753 2.164469 0.010000 2.911962 0.385992
948 2.871452 1.756898 0.010000 -3.195453 -0.992242
949 2.895633 1.980336 0.010000 -1.411551 -4.633253
950 2.726927 1.689672 0.010000 -2.937966 0.374070
951 3.022400 2.242208 0.010000 1.316578 -1.868019
952 2.930650 1.968280 0.010000 -1.409987 -3.948049
953 3.171840 2.418125 0.010000 0.912751 -1.456364
954 2.843045 2.027579 0.010000 2.874288 -5.466492
955 2.863465 1.618643 0.010000 -2.743630 -0.573380
956 2.738869 1.932534 0.010000 -3.973258 2.947121
957 2.667072 2.081995 0.010000 1.378688 2.845664
958 2.871746 1.740625 0.010000 -3.127460 -0.926781
959 2.932012 2.088243 0.010000 1.472255 -3.150510
960 2.906616 2.362159 0.010000 1.707971 -0.850006
961 2.770312 2.483983 0.010000 1.527107 -0.075654
962 2.774561 2.153110 0.010000 3.041143 0.388349
963 2.442879 1.912103 0.010000 -1.057327 2.064383
964 2.937319 2.117388 0.010000 1.662031 -2.729115
965 3.140828 1.959082 0.010000 -0.787718 -2.596547
966 2.668798 1.969298 0.010000 -1.377804 3.551283
967 2.909165 1.779143 0.010000 -3.054248 -1.462506
968 3.146022 1.860378 0.010000 -1.366320 -2.346989
969 2.247792 1.801208 0.010000 -1.125268 1.536886
970 2.831992 1.422234 0.010000 -2.356272 -0.302786
971 2.736372 2.001043 0.010000 -0.408101 5.405347
972 2.564798 2.210745 0.010000 1.179351 1.674239
973 2.847875 1.956243 0.010000 -4.246330 -4.298906
974 3.222992 2.120123 0.010000 0.082613 -2.251569
975 2.694532 2.028492 0.010000 0.615847 3.930579
976 2.795310 2.120792 0.010000 3.564479 -0.042186
977 2.597905 1.632867 0.010000 -2.413777 0.853471
978 2.843588 2.096598 0.010000 3.459729 -1.986756
979 2.838633 2.325537 0.010000 1.952787 -0.491081
980 3.125999 2.293916 0.010000 0.929358 -1.785382
981 2.828305 1.812836 0.010000 -3.713945 -0.686044
982 3.314785 2.213022 0.010000 0.224464 -1.950727
983 3.308053 2.241372 0.010000 0.309182 -1.903214
984 2.971567 1.610140 0.010000 -2.483348 -1.072818
985 2.936340 2.153201 0.010000 1.832821 -2.276075
986 2.798923 1.918655 0.010000 -5.457853 -0.134341
987 2.684674 2.318540 0.010000 1.784619 0.627137
988 3.025311 1.868200 0.010000 -1.897644 -2.589262
989 2.831953 2.467374 0.010000 1.561408 -0.340930
990 2.712292 1.961879 0.010000 -2.322891 3.994058
991 2.694384 2.046867 0.010000 1.187487 3.602786
992 2.572798 1.900220 0.010000 -1.641549 2.399347
993 3.127676 2.470607 0.010000 1.032612 -1.267134
994 2.691314 2.506023 0.010000 1.421940 0.212804
995 2.410682 1.979144 0.010000 -0.621157 2.061671
996 2.874196 1.956753 0.010000 -2.930146 -4.369255
997 2.906425 2.390913 0.010000 1.643807 -0.783646
998 3.062249 2.222326 0.010000 1.059672 -2.039738
999 2.627923 2.292096 0.010000 1.592734 1.032853
